0.023219955	-220
0.026122449	-220
0.029024943	-220
0.031927438	-220
0.034829932	-220
0.037732426	-220
0.040634921	-220
0.043537415	-220
0.046439909	-220
0.049342404	-220
0.052244898	-220
0.055147392	-220
0.058049887	-220
0.060952381	-220
0.063854875	-220
0.066757370	-220
0.069659864	-220
0.072562358	-220
0.075464853	-220
0.078367347	-220
0.081269841	-220
0.084172336	-220
0.087074830	-220
0.089977324	-220
0.092879819	-220
0.095782313	-220
0.098684807	-220
0.101587302	-220
0.104489796	-220
0.107392290	-220
0.110294785	-220
0.113197279	-220
0.116099773	-220
0.119002268	-220
0.121904762	-220
0.124807256	-220
0.127709751	-220
0.130612245	-220
0.133514739	-220
0.136417234	-220
0.139319728	-220
0.142222222	-220
0.145124717	-220
0.148027211	-220
0.150929705	-220
0.153832200	-220
0.156734694	-220
0.159637188	-220
0.162539683	-220
0.165442177	-220
0.168344671	-220
0.171247166	-220
0.174149660	-220
0.177052154	-220
0.179954649	-220
0.182857143	-220
0.185759637	-220
0.188662132	-220
0.191564626	-220
0.194467120	-220
0.197369615	-220
0.200272109	-220
0.203174603	-220
0.206077098	-220
0.208979592	-220
0.211882086	-220
0.214784580	-220
0.217687075	-220
0.220589569	-220
0.223492063	-220
0.226394558	-220
0.229297052	-220
0.232199546	-220
0.235102041	-220
0.238004535	-220
0.240907029	-220
0.243809524	-220
0.246712018	-220
0.249614512	-220
0.252517007	-220
0.255419501	-220
0.258321995	-220
0.261224490	-220
0.264126984	-220
0.267029478	-220
0.269931973	-220
0.272834467	-220
0.275736961	-220
0.278639456	-220
0.281541950	-220
0.284444444	-220
0.287346939	-220
0.290249433	-220
0.293151927	-220
0.296054422	-220
0.298956916	-220
0.301859410	-220
0.304761905	-220
0.307664399	-220
0.310566893	-220
0.313469388	-220
0.316371882	-220
0.319274376	-220
0.322176871	-220
0.325079365	-220
0.327981859	-220
0.330884354	-220
0.333786848	-220
0.336689342	-220
0.339591837	-220
0.342494331	-220
0.345396825	-220
0.348299320	-220
0.351201814	-220
0.354104308	-220
0.357006803	-220
0.359909297	-220
0.362811791	-220
0.365714286	-220
0.368616780	-220
0.371519274	-220
0.374421769	-220
0.377324263	-220
0.380226757	-220
0.383129252	-220
0.386031746	-220
0.388934240	-220
0.391836735	-220
0.394739229	-220
0.397641723	-220
0.400544218	-220
0.403446712	-220
0.406349206	-220
0.409251701	-220
0.412154195	-220
0.415056689	-220
0.417959184	-220
0.420861678	-220
0.423764172	-220
0.426666667	-220
0.429569161	-220
0.432471655	-220
0.435374150	-220
0.438276644	-220
0.441179138	-220
0.444081633	-220
0.446984127	-220
0.449886621	-220
0.452789116	-220
0.455691610	-220
0.458594104	-220
0.461496599	-220
0.464399093	-220
0.467301587	-220
0.470204082	-220
0.473106576	-220
0.476009070	-220
0.478911565	-220
0.481814059	-220
0.484716553	-220
0.487619048	-220
0.490521542	-220
0.493424036	-220
0.496326531	-220
0.499229025	-220
0.502131519	-220
0.505034014	-220
0.507936508	-220
0.510839002	-220
0.513741497	-220
0.516643991	-220
0.519546485	-220
0.522448980	-220
0.525351474	-220
0.528253968	-220
0.531156463	-220
0.534058957	-220
0.536961451	-220
0.539863946	-220
0.542766440	-220
0.545668934	-220
0.548571429	-220
0.551473923	-220
0.554376417	-220
0.557278912	-220
0.560181406	-220
0.563083900	-220
0.565986395	263.141
0.568888889	263.141
0.571791383	263.141
0.574693878	263.141
0.577596372	263.141
0.580498866	263.141
0.583401361	263.141
0.586303855	263.141
0.589206349	263.141
0.592108844	263.141
0.595011338	264.665
0.597913832	264.665
0.600816327	264.665
0.603718821	264.665
0.606621315	264.665
0.609523810	264.665
0.612426304	264.665
0.615328798	264.665
0.618231293	264.665
0.621133787	264.665
0.624036281	264.665
0.626938776	264.665
0.629841270	264.665
0.632743764	266.199
0.635646259	266.199
0.638548753	266.199
0.641451247	266.199
0.644353741	266.199
0.647256236	266.199
0.650158730	266.199
0.653061224	266.199
0.655963719	266.199
0.658866213	266.199
0.661768707	266.199
0.664671202	266.199
0.667573696	266.199
0.670476190	266.199
0.673378685	266.199
0.676281179	266.199
0.679183673	266.199
0.682086168	266.199
0.684988662	266.199
0.687891156	266.199
0.690793651	266.199
0.693696145	266.199
0.696598639	266.199
0.699501134	266.199
0.702403628	266.199
0.705306122	266.199
0.708208617	266.199
0.711111111	266.199
0.714013605	266.199
0.716916100	266.199
0.719818594	266.199
0.722721088	266.199
0.725623583	266.199
0.728526077	266.199
0.731428571	266.199
0.734331066	266.199
0.737233560	266.199
0.740136054	266.199
0.743038549	266.199
0.745941043	266.199
0.748843537	266.199
0.751746032	266.199
0.754648526	266.199
0.757551020	266.199
0.760453515	266.199
0.763356009	266.199
0.766258503	266.199
0.769160998	266.199
0.772063492	266.199
0.774965986	266.199
0.777868481	266.199
0.780770975	266.199
0.783673469	266.199
0.786575964	266.199
0.789478458	266.199
0.792380952	266.199
0.795283447	266.199
0.798185941	266.199
0.801088435	266.199
0.803990930	266.199
0.806893424	266.199
0.809795918	266.199
0.812698413	266.199
0.815600907	266.199
0.818503401	266.199
0.821405896	266.199
0.824308390	266.199
0.827210884	266.199
0.830113379	266.199
0.833015873	266.199
0.835918367	266.199
0.838820862	266.199
0.841723356	266.199
0.844625850	266.199
0.847528345	266.199
0.850430839	266.199
0.853333333	266.199
0.856235828	266.199
0.859138322	266.199
0.862040816	266.199
0.864943311	266.199
0.867845805	266.199
0.870748299	266.199
0.873650794	266.199
0.876553288	266.199
0.879455782	266.199
0.882358277	266.199
0.885260771	266.199
0.888163265	266.199
0.891065760	266.199
0.893968254	266.199
0.896870748	266.199
0.899773243	266.199
0.902675737	266.199
0.905578231	266.199
0.908480726	266.199
0.911383220	266.199
0.914285714	266.199
0.917188209	266.199
0.920090703	266.199
0.922993197	266.199
0.925895692	266.199
0.928798186	266.199
0.931700680	266.199
0.934603175	266.199
0.937505669	266.199
0.940408163	266.199
0.943310658	266.199
0.946213152	266.199
0.949115646	266.199
0.952018141	266.199
0.954920635	266.199
0.957823129	266.199
0.960725624	266.199
0.963628118	266.199
0.966530612	266.199
0.969433107	266.199
0.972335601	266.199
0.975238095	266.199
0.978140590	266.199
0.981043084	266.199
0.983945578	266.199
0.986848073	266.199
0.989750567	266.199
0.992653061	266.199
0.995555556	266.199
0.998458050	266.199
1.001360544	266.199
1.004263039	266.199
1.007165533	266.199
1.010068027	266.199
1.012970522	266.199
1.015873016	266.199
1.018775510	266.199
1.021678005	266.199
1.024580499	266.199
1.027482993	266.199
1.030385488	267.741
1.033287982	267.741
1.036190476	267.741
1.039092971	266.199
1.041995465	267.741
1.044897959	267.741
1.047800454	267.741
1.050702948	269.292
1.053605442	270.852
1.056507937	270.852
1.059410431	272.421
1.062312925	272.421
1.065215420	273.999
1.068117914	275.586
1.071020408	275.586
1.073922902	275.586
1.076825397	277.183
1.079727891	277.183
1.082630385	277.183
1.085532880	278.788
1.088435374	278.788
1.091337868	278.788
1.094240363	278.788
1.097142857	278.788
1.100045351	278.788
1.102947846	280.403
1.105850340	280.403
1.108752834	280.403
1.111655329	280.403
1.114557823	280.403
1.117460317	280.403
1.120362812	280.403
1.123265306	280.403
1.126167800	280.403
1.129070295	280.403
1.131972789	280.403
1.134875283	280.403
1.137777778	280.403
1.140680272	280.403
1.143582766	280.403
1.146485261	280.403
1.149387755	280.403
1.152290249	280.403
1.155192744	280.403
1.158095238	280.403
1.160997732	280.403
1.163900227	280.403
1.166802721	280.403
1.169705215	280.403
1.172607710	280.403
1.175510204	280.403
1.178412698	280.403
1.181315193	280.403
1.184217687	280.403
1.187120181	280.403
1.190022676	280.403
1.192925170	280.403
1.195827664	280.403
1.198730159	280.403
1.201632653	280.403
1.204535147	280.403
1.207437642	280.403
1.210340136	282.028
1.213242630	282.028
1.216145125	282.028
1.219047619	282.028
1.221950113	282.028
1.224852608	282.028
1.227755102	282.028
1.230657596	282.028
1.233560091	282.028
1.236462585	282.028
1.239365079	282.028
1.242267574	282.028
1.245170068	282.028
1.248072562	282.028
1.250975057	282.028
1.253877551	282.028
1.256780045	282.028
1.259682540	282.028
1.262585034	282.028
1.265487528	282.028
1.268390023	282.028
1.271292517	282.028
1.274195011	282.028
1.277097506	282.028
1.280000000	282.028
1.282902494	282.028
1.285804989	282.028
1.288707483	282.028
1.291609977	282.028
1.294512472	282.028
1.297414966	282.028
1.300317460	282.028
1.303219955	282.028
1.306122449	282.028
1.309024943	282.028
1.311927438	282.028
1.314829932	282.028
1.317732426	282.028
1.320634921	282.028
1.323537415	282.028
1.326439909	282.028
1.329342404	282.028
1.332244898	282.028
1.335147392	282.028
1.338049887	282.028
1.340952381	282.028
1.343854875	282.028
1.346757370	282.028
1.349659864	282.028
1.352562358	282.028
1.355464853	282.028
1.358367347	282.028
1.361269841	282.028
1.364172336	282.028
1.367074830	282.028
1.369977324	282.028
1.372879819	282.028
1.375782313	282.028
1.378684807	282.028
1.381587302	282.028
1.384489796	282.028
1.387392290	282.028
1.390294785	282.028
1.393197279	282.028
1.396099773	282.028
1.399002268	282.028
1.401904762	282.028
1.404807256	282.028
1.407709751	282.028
1.410612245	282.028
1.413514739	282.028
1.416417234	282.028
1.419319728	282.028
1.422222222	282.028
1.425124717	282.028
1.428027211	282.028
1.430929705	282.028
1.433832200	282.028
1.436734694	282.028
1.439637188	282.028
1.442539683	282.028
1.445442177	282.028
1.448344671	282.028
1.451247166	282.028
1.454149660	282.028
1.457052154	282.028
1.459954649	282.028
1.462857143	282.028
1.465759637	282.028
1.468662132	282.028
1.471564626	280.403
1.474467120	282.028
1.477369615	282.028
1.480272109	282.028
1.483174603	282.028
1.486077098	282.028
1.488979592	282.028
1.491882086	282.028
1.494784580	282.028
1.497687075	282.028
1.500589569	282.028
1.503492063	282.028
1.506394558	282.028
1.509297052	282.028
1.512199546	283.661
1.515102041	283.661
1.518004535	285.305
1.520907029	286.957
1.523809524	290.292
1.526712018	290.292
1.529614512	291.973
1.532517007	291.973
1.535419501	293.665
1.538321995	293.665
1.541224490	293.665
1.544126984	293.665
1.547029478	293.665
1.549931973	295.366
1.552834467	295.366
1.555736961	295.366
1.558639456	295.366
1.561541950	295.366
1.564444444	295.366
1.567346939	295.366
1.570249433	295.366
1.573151927	297.077
1.576054422	297.077
1.578956916	297.077
1.581859410	297.077
1.584761905	297.077
1.587664399	297.077
1.590566893	297.077
1.593469388	297.077
1.596371882	297.077
1.599274376	297.077
1.602176871	297.077
1.605079365	297.077
1.607981859	297.077
1.610884354	297.077
1.613786848	297.077
1.616689342	297.077
1.619591837	297.077
1.622494331	297.077
1.625396825	297.077
1.628299320	297.077
1.631201814	297.077
1.634104308	297.077
1.637006803	297.077
1.639909297	297.077
1.642811791	297.077
1.645714286	297.077
1.648616780	297.077
1.651519274	297.077
1.654421769	297.077
1.657324263	297.077
1.660226757	297.077
1.663129252	297.077
1.666031746	297.077
1.668934240	297.077
1.671836735	297.077
1.674739229	297.077
1.677641723	297.077
1.680544218	297.077
1.683446712	297.077
1.686349206	297.077
1.689251701	297.077
1.692154195	297.077
1.695056689	297.077
1.697959184	297.077
1.700861678	297.077
1.703764172	297.077
1.706666667	297.077
1.709569161	298.798
1.712471655	298.798
1.715374150	298.798
1.718276644	298.798
1.721179138	298.798
1.724081633	298.798
1.726984127	298.798
1.729886621	298.798
1.732789116	298.798
1.735691610	298.798
1.738594104	298.798
1.741496599	298.798
1.744399093	298.798
1.747301587	298.798
1.750204082	298.798
1.753106576	298.798
1.756009070	298.798
1.758911565	298.798
1.761814059	298.798
1.764716553	298.798
1.767619048	298.798
1.770521542	298.798
1.773424036	298.798
1.776326531	298.798
1.779229025	298.798
1.782131519	298.798
1.785034014	298.798
1.787936508	298.798
1.790839002	298.798
1.793741497	298.798
1.796643991	298.798
1.799546485	298.798
1.802448980	298.798
1.805351474	298.798
1.808253968	298.798
1.811156463	298.798
1.814058957	298.798
1.816961451	298.798
1.819863946	298.798
1.822766440	298.798
1.825668934	298.798
1.828571429	298.798
1.831473923	298.798
1.834376417	298.798
1.837278912	298.798
1.840181406	298.798
1.843083900	298.798
1.845986395	298.798
1.848888889	298.798
1.851791383	298.798
1.854693878	298.798
1.857596372	298.798
1.860498866	298.798
1.863401361	298.798
1.866303855	298.798
1.869206349	298.798
1.872108844	298.798
1.875011338	298.798
1.877913832	298.798
1.880816327	298.798
1.883718821	298.798
1.886621315	298.798
1.889523810	298.798
1.892426304	298.798
1.895328798	298.798
1.898231293	298.798
1.901133787	298.798
1.904036281	298.798
1.906938776	298.798
1.909841270	298.798
1.912743764	297.077
1.915646259	297.077
1.918548753	298.798
1.921451247	298.798
1.924353741	298.798
1.927256236	298.798
1.930158730	298.798
1.933061224	298.798
1.935963719	298.798
1.938866213	298.798
1.941768707	298.798
1.944671202	298.798
1.947573696	298.798
1.950476190	298.798
1.953378685	298.798
1.956281179	298.798
1.959183673	298.798
1.962086168	300.529
1.964988662	300.529
1.967891156	302.27
1.970793651	302.27
1.973696145	304.021
1.976598639	307.553
1.979501134	311.127
1.982403628	311.127
1.985306122	312.929
1.988208617	312.929
1.991111111	312.929
1.994013605	312.929
1.996916100	312.929
1.999818594	312.929
2.002721088	314.742
2.005623583	314.742
2.008526077	314.742
2.011428571	312.929
2.014331066	312.929
2.017233560	314.742
2.020136054	314.742
2.023038549	314.742
2.025941043	314.742
2.028843537	314.742
2.031746032	314.742
2.034648526	314.742
2.037551020	314.742
2.040453515	314.742
2.043356009	314.742
2.046258503	314.742
2.049160998	314.742
2.052063492	314.742
2.054965986	314.742
2.057868481	314.742
2.060770975	314.742
2.063673469	314.742
2.066575964	314.742
2.069478458	314.742
2.072380952	314.742
2.075283447	314.742
2.078185941	314.742
2.081088435	314.742
2.083990930	314.742
2.086893424	314.742
2.089795918	314.742
2.092698413	314.742
2.095600907	314.742
2.098503401	314.742
2.101405896	314.742
2.104308390	314.742
2.107210884	314.742
2.110113379	314.742
2.113015873	314.742
2.115918367	314.742
2.118820862	314.742
2.121723356	314.742
2.124625850	314.742
2.127528345	314.742
2.130430839	314.742
2.133333333	314.742
2.136235828	314.742
2.139138322	314.742
2.142040816	314.742
2.144943311	314.742
2.147845805	314.742
2.150748299	314.742
2.153650794	314.742
2.156553288	314.742
2.159455782	314.742
2.162358277	314.742
2.165260771	314.742
2.168163265	314.742
2.171065760	314.742
2.173968254	314.742
2.176870748	314.742
2.179773243	314.742
2.182675737	314.742
2.185578231	314.742
2.188480726	314.742
2.191383220	314.742
2.194285714	314.742
2.197188209	314.742
2.200090703	314.742
2.202993197	314.742
2.205895692	314.742
2.208798186	314.742
2.211700680	314.742
2.214603175	314.742
2.217505669	314.742
2.220408163	314.742
2.223310658	314.742
2.226213152	314.742
2.229115646	314.742
2.232018141	314.742
2.234920635	314.742
2.237823129	314.742
2.240725624	314.742
2.243628118	314.742
2.246530612	314.742
2.249433107	314.742
2.252335601	314.742
2.255238095	314.742
2.258140590	314.742
2.261043084	314.742
2.263945578	314.742
2.266848073	314.742
2.269750567	314.742
2.272653061	314.742
2.275555556	314.742
2.278458050	314.742
2.281360544	314.742
2.284263039	314.742
2.287165533	314.742
2.290068027	314.742
2.292970522	314.742
2.295873016	314.742
2.298775510	314.742
2.301678005	314.742
2.304580499	314.742
2.307482993	314.742
2.310385488	314.742
2.313287982	314.742
2.316190476	314.742
2.319092971	314.742
2.321995465	314.742
2.324897959	314.742
2.327800454	314.742
2.330702948	314.742
2.333605442	314.742
2.336507937	314.742
2.339410431	314.742
2.342312925	314.742
2.345215420	314.742
2.348117914	314.742
2.351020408	314.742
2.353922902	314.742
2.356825397	314.742
2.359727891	314.742
2.362630385	314.742
2.365532880	314.742
2.368435374	316.565
2.371337868	316.565
2.374240363	316.565
2.377142857	316.565
2.380045351	316.565
2.382947846	316.565
2.385850340	316.565
2.388752834	316.565
2.391655329	316.565
2.394557823	316.565
2.397460317	316.565
2.400362812	316.565
2.403265306	316.565
2.406167800	316.565
2.409070295	318.399
2.411972789	318.399
2.414875283	320.244
2.417777778	322.099
2.420680272	323.965
2.423582766	325.841
2.426485261	325.841
2.429387755	327.729
2.432290249	327.729
2.435192744	327.729
2.438095238	329.628
2.440997732	329.628
2.443900227	329.628
2.446802721	329.628
2.449705215	331.537
2.452607710	331.537
2.455510204	331.537
2.458412698	331.537
2.461315193	331.537
2.464217687	331.537
2.467120181	331.537
2.470022676	331.537
2.472925170	331.537
2.475827664	333.458
2.478730159	333.458
2.481632653	333.458
2.484535147	331.537
2.487437642	331.537
2.490340136	333.458
2.493242630	333.458
2.496145125	333.458
2.499047619	333.458
2.501950113	333.458
2.504852608	333.458
2.507755102	333.458
2.510657596	333.458
2.513560091	333.458
2.516462585	333.458
2.519365079	333.458
2.522267574	333.458
2.525170068	333.458
2.528072562	333.458
2.530975057	333.458
2.533877551	333.458
2.536780045	333.458
2.539682540	333.458
2.542585034	333.458
2.545487528	333.458
2.548390023	333.458
2.551292517	333.458
2.554195011	333.458
2.557097506	333.458
2.560000000	333.458
2.562902494	333.458
2.565804989	333.458
2.568707483	333.458
2.571609977	333.458
2.574512472	333.458
2.577414966	333.458
2.580317460	333.458
2.583219955	333.458
2.586122449	333.458
2.589024943	333.458
2.591927438	333.458
2.594829932	333.458
2.597732426	333.458
2.600634921	333.458
2.603537415	333.458
2.606439909	333.458
2.609342404	333.458
2.612244898	333.458
2.615147392	333.458
2.618049887	333.458
2.620952381	333.458
2.623854875	333.458
2.626757370	333.458
2.629659864	333.458
2.632562358	333.458
2.635464853	333.458
2.638367347	333.458
2.641269841	333.458
2.644172336	333.458
2.647074830	333.458
2.649977324	333.458
2.652879819	333.458
2.655782313	333.458
2.658684807	333.458
2.661587302	333.458
2.664489796	333.458
2.667392290	333.458
2.670294785	333.458
2.673197279	333.458
2.676099773	333.458
2.679002268	333.458
2.681904762	333.458
2.684807256	333.458
2.687709751	333.458
2.690612245	333.458
2.693514739	333.458
2.696417234	333.458
2.699319728	333.458
2.702222222	333.458
2.705124717	333.458
2.708027211	333.458
2.710929705	333.458
2.713832200	333.458
2.716734694	333.458
2.719637188	333.458
2.722539683	333.458
2.725442177	333.458
2.728344671	333.458
2.731247166	333.458
2.734149660	333.458
2.737052154	333.458
2.739954649	333.458
2.742857143	333.458
2.745759637	333.458
2.748662132	333.458
2.751564626	333.458
2.754467120	333.458
2.757369615	333.458
2.760272109	333.458
2.763174603	333.458
2.766077098	333.458
2.768979592	333.458
2.771882086	333.458
2.774784580	333.458
2.777687075	333.458
2.780589569	333.458
2.783492063	333.458
2.786394558	333.458
2.789297052	333.458
2.792199546	333.458
2.795102041	333.458
2.798004535	333.458
2.800907029	333.458
2.803809524	333.458
2.806712018	333.458
2.809614512	333.458
2.812517007	335.389
2.815419501	335.389
2.818321995	335.389
2.821224490	337.332
2.824126984	337.332
2.827029478	339.286
2.829931973	341.252
2.832834467	343.229
2.835736961	345.217
2.838639456	347.217
2.841541950	347.217
2.844444444	347.217
2.847346939	349.228
2.850249433	349.228
2.853151927	349.228
2.856054422	349.228
2.858956916	349.228
2.861859410	351.251
2.864761905	351.251
2.867664399	351.251
2.870566893	351.251
2.873469388	351.251
2.876371882	351.251
2.879274376	351.251
2.882176871	351.251
2.885079365	351.251
2.887981859	351.251
2.890884354	351.251
2.893786848	351.251
2.896689342	351.251
2.899591837	351.251
2.902494331	351.251
2.905396825	351.251
2.908299320	351.251
2.911201814	353.286
2.914104308	353.286
2.917006803	353.286
2.919909297	353.286
2.922811791	353.286
2.925714286	353.286
2.928616780	353.286
2.931519274	353.286
2.934421769	353.286
2.937324263	353.286
2.940226757	353.286
2.943129252	353.286
2.946031746	353.286
2.948934240	353.286
2.951836735	353.286
2.954739229	353.286
2.957641723	353.286
2.960544218	353.286
2.963446712	353.286
2.966349206	353.286
2.969251701	-264.665
2.972154195	-264.665
2.975056689	-264.665
2.977959184	-264.665
2.980861678	-264.665
2.983764172	-264.665
2.986666667	-264.665
2.989569161	-264.665
2.992471655	-264.665
2.995374150	-264.665
2.998276644	-264.665
3.001179138	-264.665
3.004081633	-264.665
3.006984127	-264.665
3.009886621	-264.665
3.012789116	-264.665
3.015691610	-264.665
3.018594104	-264.665
3.021496599	-264.665
3.024399093	-264.665
3.027301587	-264.665
3.030204082	-264.665
3.033106576	-264.665
3.036009070	-264.665
3.038911565	-264.665
3.041814059	-264.665
3.044716553	-264.665
3.047619048	-264.665
3.050521542	-264.665
3.053424036	-264.665
3.056326531	-264.665
3.059229025	-264.665
3.062131519	-264.665
3.065034014	-264.665
3.067936508	-264.665
3.070839002	-264.665
3.073741497	-264.665
3.076643991	-264.665
3.079546485	-264.665
3.082448980	-264.665
3.085351474	-264.665
3.088253968	-264.665
3.091156463	-264.665
3.094058957	-264.665
3.096961451	-264.665
3.099863946	-264.665
3.102766440	-264.665
3.105668934	-264.665
3.108571429	-264.665
3.111473923	-264.665
3.114376417	-264.665
3.117278912	-264.665
3.120181406	-264.665
3.123083900	-264.665
3.125986395	-264.665
3.128888889	-264.665
3.131791383	-264.665
3.134693878	-264.665
3.137596372	-264.665
3.140498866	-264.665
3.143401361	-264.665
3.146303855	-264.665
3.149206349	-264.665
3.152108844	-264.665
3.155011338	-264.665
3.157913832	-264.665
3.160816327	-264.665
3.163718821	353.286
3.166621315	353.286
3.169523810	353.286
3.172426304	353.286
3.175328798	353.286
3.178231293	353.286
3.181133787	353.286
3.184036281	353.286
3.186938776	353.286
3.189841270	353.286
3.192743764	353.286
3.195646259	353.286
3.198548753	353.286
3.201451247	353.286
3.204353741	353.286
3.207256236	353.286
3.210158730	353.286
3.213061224	355.333
3.215963719	355.333
3.218866213	353.286
3.221768707	355.333
3.224671202	355.333
3.227573696	355.333
3.230476190	355.333
3.233378685	355.333
3.236281179	355.333
3.239183673	357.391
3.242086168	367.863
3.244988662	367.863
3.247891156	369.994
3.250793651	369.994
3.253696145	369.994
3.256598639	369.994
3.259501134	369.994
3.262403628	372.138
3.265306122	372.138
3.268208617	372.138
3.271111111	372.138
3.274013605	372.138
3.276916100	372.138
3.279818594	372.138
3.282721088	372.138
3.285623583	372.138
3.288526077	372.138
3.291428571	372.138
3.294331066	372.138
3.297233560	372.138
3.300136054	374.294
3.303038549	374.294
3.305941043	374.294
3.308843537	374.294
3.311746032	374.294
3.314648526	374.294
3.317551020	374.294
3.320453515	374.294
3.323356009	374.294
3.326258503	374.294
3.329160998	374.294
3.332063492	374.294
3.334965986	374.294
3.337868481	374.294
3.340770975	374.294
3.343673469	374.294
3.346575964	374.294
3.349478458	374.294
3.352380952	374.294
3.355283447	374.294
3.358185941	374.294
3.361088435	374.294
3.363990930	374.294
3.366893424	374.294
3.369795918	374.294
3.372698413	374.294
3.375600907	374.294
3.378503401	374.294
3.381405896	374.294
3.384308390	374.294
3.387210884	374.294
3.390113379	374.294
3.393015873	374.294
3.395918367	374.294
3.398820862	374.294
3.401723356	374.294
3.404625850	374.294
3.407528345	374.294
3.410430839	374.294
3.413333333	374.294
3.416235828	374.294
3.419138322	374.294
3.422040816	374.294
3.424943311	374.294
3.427845805	374.294
3.430748299	374.294
3.433650794	374.294
3.436553288	374.294
3.439455782	374.294
3.442358277	374.294
3.445260771	374.294
3.448163265	374.294
3.451065760	374.294
3.453968254	374.294
3.456870748	374.294
3.459773243	374.294
3.462675737	374.294
3.465578231	374.294
3.468480726	374.294
3.471383220	374.294
3.474285714	374.294
3.477188209	374.294
3.480090703	374.294
3.482993197	374.294
3.485895692	374.294
3.488798186	374.294
3.491700680	374.294
3.494603175	374.294
3.497505669	374.294
3.500408163	374.294
3.503310658	374.294
3.506213152	374.294
3.509115646	374.294
3.512018141	374.294
3.514920635	374.294
3.517823129	374.294
3.520725624	374.294
3.523628118	374.294
3.526530612	374.294
3.529433107	374.294
3.532335601	374.294
3.535238095	374.294
3.538140590	374.294
3.541043084	374.294
3.543945578	374.294
3.546848073	374.294
3.549750567	374.294
3.552653061	374.294
3.555555556	374.294
3.558458050	374.294
3.561360544	374.294
3.564263039	374.294
3.567165533	374.294
3.570068027	374.294
3.572970522	374.294
3.575873016	374.294
3.578775510	374.294
3.581678005	374.294
3.584580499	374.294
3.587482993	374.294
3.590385488	374.294
3.593287982	374.294
3.596190476	374.294
3.599092971	374.294
3.601995465	374.294
3.604897959	374.294
3.607800454	374.294
3.610702948	374.294
3.613605442	374.294
3.616507937	374.294
3.619410431	374.294
3.622312925	374.294
3.625215420	374.294
3.628117914	374.294
3.631020408	374.294
3.633922902	374.294
3.636825397	374.294
3.639727891	376.462
3.642630385	376.462
3.645532880	376.462
3.648435374	376.462
3.651337868	376.462
3.654240363	376.462
3.657142857	376.462
3.660045351	376.462
3.662947846	376.462
3.665850340	376.462
3.668752834	376.462
3.671655329	376.462
3.674557823	376.462
3.677460317	378.643
3.680362812	378.643
3.683265306	383.042
3.686167800	387.493
3.689070295	389.738
3.691972789	391.995
3.694875283	391.995
3.697777778	391.995
3.700680272	394.266
3.703582766	394.266
3.706485261	394.266
3.709387755	394.266
3.712290249	396.55
3.715192744	396.55
3.718095238	396.55
3.720997732	396.55
3.723900227	396.55
3.726802721	396.55
3.729705215	396.55
3.732607710	396.55
3.735510204	396.55
3.738412698	396.55
3.741315193	396.55
3.744217687	396.55
3.747120181	396.55
3.750022676	396.55
3.752925170	396.55
3.755827664	396.55
3.758730159	396.55
3.761632653	396.55
3.764535147	396.55
3.767437642	398.847
3.770340136	396.55
3.773242630	396.55
3.776145125	398.847
3.779047619	398.847
3.781950113	398.847
3.784852608	398.847
3.787755102	398.847
3.790657596	398.847
3.793560091	398.847
3.796462585	398.847
3.799365079	398.847
3.802267574	398.847
3.805170068	398.847
3.808072562	398.847
3.810975057	398.847
3.813877551	398.847
3.816780045	398.847
3.819682540	398.847
3.822585034	398.847
3.825487528	398.847
3.828390023	398.847
3.831292517	398.847
3.834195011	398.847
3.837097506	398.847
3.840000000	398.847
3.842902494	398.847
3.845804989	398.847
3.848707483	398.847
3.851609977	398.847
3.854512472	398.847
3.857414966	398.847
3.860317460	398.847
3.863219955	398.847
3.866122449	398.847
3.869024943	398.847
3.871927438	398.847
3.874829932	398.847
3.877732426	398.847
3.880634921	398.847
3.883537415	398.847
3.886439909	398.847
3.889342404	398.847
3.892244898	398.847
3.895147392	398.847
3.898049887	398.847
3.900952381	398.847
3.903854875	398.847
3.906757370	398.847
3.909659864	398.847
3.912562358	398.847
3.915464853	398.847
3.918367347	398.847
3.921269841	398.847
3.924172336	398.847
3.927074830	398.847
3.929977324	398.847
3.932879819	398.847
3.935782313	398.847
3.938684807	398.847
3.941587302	398.847
3.944489796	398.847
3.947392290	398.847
3.950294785	398.847
3.953197279	398.847
3.956099773	398.847
3.959002268	398.847
3.961904762	398.847
3.964807256	398.847
3.967709751	398.847
3.970612245	398.847
3.973514739	398.847
3.976417234	398.847
3.979319728	398.847
3.982222222	398.847
3.985124717	398.847
3.988027211	398.847
3.990929705	398.847
3.993832200	398.847
3.996734694	398.847
3.999637188	398.847
4.002539683	398.847
4.005442177	398.847
4.008344671	398.847
4.011247166	398.847
4.014149660	398.847
4.017052154	398.847
4.019954649	398.847
4.022857143	398.847
4.025759637	398.847
4.028662132	398.847
4.031564626	398.847
4.034467120	398.847
4.037369615	398.847
4.040272109	398.847
4.043174603	398.847
4.046077098	398.847
4.048979592	398.847
4.051882086	398.847
4.054784580	398.847
4.057687075	398.847
4.060589569	398.847
4.063492063	398.847
4.066394558	398.847
4.069297052	398.847
4.072199546	398.847
4.075102041	398.847
4.078004535	398.847
4.080907029	398.847
4.083809524	398.847
4.086712018	398.847
4.089614512	398.847
4.092517007	398.847
4.095419501	398.847
4.098321995	398.847
4.101224490	398.847
4.104126984	401.158
4.107029478	401.158
4.109931973	401.158
4.112834467	403.482
4.115736961	408.17
4.118639456	410.535
4.121541950	415.305
4.124444444	417.711
4.127346939	417.711
4.130249433	420.13
4.133151927	420.13
4.136054422	420.13
4.138956916	420.13
4.141859410	420.13
4.144761905	420.13
4.147664399	420.13
4.150566893	420.13
4.153469388	420.13
4.156371882	420.13
4.159274376	420.13
4.162176871	420.13
4.165079365	420.13
4.167981859	420.13
4.170884354	420.13
4.173786848	420.13
4.176689342	420.13
4.179591837	420.13
4.182494331	420.13
4.185396825	420.13
4.188299320	420.13
4.191201814	420.13
4.194104308	420.13
4.197006803	420.13
4.199909297	420.13
4.202811791	420.13
4.205714286	420.13
4.208616780	420.13
4.211519274	420.13
4.214421769	420.13
4.217324263	420.13
4.220226757	420.13
4.223129252	420.13
4.226031746	420.13
4.228934240	420.13
4.231836735	420.13
4.234739229	420.13
4.237641723	420.13
4.240544218	420.13
4.243446712	420.13
4.246349206	420.13
4.249251701	420.13
4.252154195	420.13
4.255056689	420.13
4.257959184	420.13
4.260861678	420.13
4.263764172	420.13
4.266666667	420.13
4.269569161	420.13
4.272471655	420.13
4.275374150	420.13
4.278276644	420.13
4.281179138	420.13
4.284081633	420.13
4.286984127	420.13
4.289886621	420.13
4.292789116	420.13
4.295691610	420.13
4.298594104	420.13
4.301496599	420.13
4.304399093	420.13
4.307301587	420.13
4.310204082	420.13
4.313106576	420.13
4.316009070	420.13
4.318911565	420.13
4.321814059	420.13
4.324716553	420.13
4.327619048	420.13
4.330521542	420.13
4.333424036	420.13
4.336326531	420.13
4.339229025	420.13
4.342131519	420.13
4.345034014	420.13
4.347936508	420.13
4.350839002	420.13
4.353741497	420.13
4.356643991	420.13
4.359546485	420.13
4.362448980	420.13
4.365351474	420.13
4.368253968	420.13
4.371156463	420.13
4.374058957	420.13
4.376961451	420.13
4.379863946	420.13
4.382766440	420.13
4.385668934	420.13
4.388571429	420.13
4.391473923	420.13
4.394376417	420.13
4.397278912	420.13
4.400181406	420.13
4.403083900	420.13
4.405986395	420.13
4.408888889	420.13
4.411791383	420.13
4.414693878	420.13
4.417596372	420.13
4.420498866	420.13
4.423401361	420.13
4.426303855	420.13
4.429206349	420.13
4.432108844	420.13
4.435011338	420.13
4.437913832	420.13
4.440816327	420.13
4.443718821	420.13
4.446621315	420.13
4.449523810	420.13
4.452426304	420.13
4.455328798	420.13
4.458231293	420.13
4.461133787	422.564
4.464036281	422.564
4.466938776	422.564
4.469841270	422.564
4.472743764	422.564
4.475646259	420.13
4.478548753	422.564
4.481451247	422.564
4.484353741	422.564
4.487256236	422.564
4.490158730	425.012
4.493061224	422.564
4.495963719	422.564
4.498866213	422.564
4.501768707	422.564
4.504671202	422.564
4.507573696	422.564
4.510476190	422.564
4.513378685	422.564
4.516281179	425.012
4.519183673	425.012
4.522086168	427.474
4.524988662	427.474
4.527891156	429.95
4.530793651	432.441
4.533696145	434.946
4.536598639	437.466
4.539501134	437.466
4.542403628	437.466
4.545306122	440
4.548208617	440
4.551111111	440
4.554013605	442.549
4.556916100	442.549
4.559818594	442.549
4.562721088	442.549
4.565623583	442.549
4.568526077	442.549
4.571428571	442.549
4.574331066	445.113
4.577233560	445.113
4.580136054	445.113
4.583038549	445.113
4.585941043	445.113
4.588843537	445.113
4.591746032	445.113
4.594648526	445.113
4.597551020	445.113
4.600453515	445.113
4.603356009	445.113
4.606258503	445.113
4.609160998	445.113
4.612063492	445.113
4.614965986	445.113
4.617868481	445.113
4.620770975	445.113
4.623673469	445.113
4.626575964	445.113
4.629478458	445.113
4.632380952	445.113
4.635283447	445.113
4.638185941	445.113
4.641088435	445.113
4.643990930	445.113
4.646893424	445.113
4.649795918	445.113
4.652698413	445.113
4.655600907	445.113
4.658503401	447.691
4.661405896	447.691
4.664308390	447.691
4.667210884	447.691
4.670113379	447.691
4.673015873	447.691
4.675918367	447.691
4.678820862	447.691
4.681723356	447.691
4.684625850	447.691
4.687528345	447.691
4.690430839	447.691
4.693333333	447.691
4.696235828	447.691
4.699138322	447.691
4.702040816	447.691
4.704943311	447.691
4.707845805	447.691
4.710748299	447.691
4.713650794	447.691
4.716553288	447.691
4.719455782	447.691
4.722358277	447.691
4.725260771	447.691
4.728163265	447.691
4.731065760	447.691
4.733968254	447.691
4.736870748	447.691
4.739773243	447.691
4.742675737	447.691
4.745578231	447.691
4.748480726	447.691
4.751383220	447.691
4.754285714	447.691
4.757188209	447.691
4.760090703	447.691
4.762993197	447.691
4.765895692	447.691
4.768798186	447.691
4.771700680	447.691
4.774603175	447.691
4.777505669	447.691
4.780408163	447.691
4.783310658	447.691
4.786213152	447.691
4.789115646	447.691
4.792018141	447.691
4.794920635	447.691
4.797823129	447.691
4.800725624	447.691
4.803628118	447.691
4.806530612	447.691
4.809433107	447.691
4.812335601	447.691
4.815238095	447.691
4.818140590	447.691
4.821043084	447.691
4.823945578	447.691
4.826848073	447.691
4.829750567	447.691
4.832653061	447.691
4.835555556	447.691
4.838458050	447.691
4.841360544	447.691
4.844263039	447.691
4.847165533	447.691
4.850068027	447.691
4.852970522	447.691
4.855873016	447.691
4.858775510	447.691
4.861678005	447.691
4.864580499	447.691
4.867482993	447.691
4.870385488	447.691
4.873287982	447.691
4.876190476	447.691
4.879092971	447.691
4.881995465	447.691
4.884897959	447.691
4.887800454	447.691
4.890702948	447.691
4.893605442	447.691
4.896507937	447.691
4.899410431	447.691
4.902312925	447.691
4.905215420	447.691
4.908117914	447.691
4.911020408	447.691
4.913922902	447.691
4.916825397	447.691
4.919727891	447.691
4.922630385	447.691
4.925532880	447.691
4.928435374	445.113
4.931337868	445.113
4.934240363	445.113
4.937142857	445.113
4.940045351	445.113
4.942947846	445.113
4.945850340	447.691
4.948752834	450.285
4.951655329	450.285
4.954557823	455.517
4.957460317	458.155
4.960362812	463.479
4.963265306	463.479
4.966167800	466.164
4.969070295	468.864
4.971972789	468.864
4.974875283	471.58
4.977777778	471.58
4.980680272	471.58
4.983582766	471.58
4.986485261	471.58
4.989387755	471.58
4.992290249	471.58
4.995192744	471.58
4.998095238	471.58
5.000997732	471.58
5.003900227	471.58
5.006802721	471.58
5.009705215	471.58
5.012607710	471.58
5.015510204	471.58
5.018412698	471.58
5.021315193	474.312
5.024217687	474.312
5.027120181	474.312
5.030022676	474.312
5.032925170	474.312
5.035827664	474.312
5.038730159	474.312
5.041632653	474.312
5.044535147	474.312
5.047437642	474.312
5.050340136	474.312
5.053242630	474.312
5.056145125	474.312
5.059047619	474.312
5.061950113	474.312
5.064852608	474.312
5.067755102	474.312
5.070657596	474.312
5.073560091	474.312
5.076462585	474.312
5.079365079	474.312
5.082267574	474.312
5.085170068	474.312
5.088072562	474.312
5.090975057	474.312
5.093877551	474.312
5.096780045	474.312
5.099682540	474.312
5.102585034	474.312
5.105487528	474.312
5.108390023	474.312
5.111292517	474.312
5.114195011	474.312
5.117097506	474.312
5.120000000	474.312
5.122902494	474.312
5.125804989	474.312
5.128707483	474.312
5.131609977	474.312
5.134512472	474.312
5.137414966	474.312
5.140317460	474.312
5.143219955	474.312
5.146122449	474.312
5.149024943	474.312
5.151927438	474.312
5.154829932	474.312
5.157732426	474.312
5.160634921	474.312
5.163537415	474.312
5.166439909	474.312
5.169342404	474.312
5.172244898	474.312
5.175147392	474.312
5.178049887	474.312
5.180952381	474.312
5.183854875	474.312
5.186757370	474.312
5.189659864	474.312
5.192562358	474.312
5.195464853	474.312
5.198367347	474.312
5.201269841	474.312
5.204172336	474.312
5.207074830	474.312
5.209977324	474.312
5.212879819	474.312
5.215782313	474.312
5.218684807	474.312
5.221587302	474.312
5.224489796	474.312
5.227392290	474.312
5.230294785	474.312
5.233197279	474.312
5.236099773	474.312
5.239002268	474.312
5.241904762	474.312
5.244807256	474.312
5.247709751	474.312
5.250612245	474.312
5.253514739	474.312
5.256417234	474.312
5.259319728	474.312
5.262222222	474.312
5.265124717	474.312
5.268027211	474.312
5.270929705	474.312
5.273832200	474.312
5.276734694	474.312
5.279637188	474.312
5.282539683	474.312
5.285442177	474.312
5.288344671	474.312
5.291247166	474.312
5.294149660	474.312
5.297052154	474.312
5.299954649	474.312
5.302857143	474.312
5.305759637	474.312
5.308662132	474.312
5.311564626	474.312
5.314467120	474.312
5.317369615	474.312
5.320272109	474.312
5.323174603	477.06
5.326077098	477.06
5.328979592	477.06
5.331882086	477.06
5.334784580	477.06
5.337687075	477.06
5.340589569	474.312
5.343492063	474.312
5.346394558	474.312
5.349297052	471.58
5.352199546	471.58
5.355102041	471.58
5.358004535	474.312
5.360907029	474.312
5.363809524	474.312
5.366712018	474.312
5.369614512	471.58
5.372517007	474.312
5.375419501	471.58
5.378321995	474.312
5.381224490	477.06
5.384126984	477.06
5.387029478	479.823
5.389931973	482.603
5.392834467	485.399
5.395736961	485.399
5.398639456	488.211
5.401541950	491.039
5.404444444	491.039
5.407346939	491.039
5.410249433	493.883
5.413151927	496.744
5.416054422	496.744
5.418956916	496.744
5.421859410	496.744
5.424761905	496.744
5.427664399	496.744
5.430566893	499.622
5.433469388	499.622
5.436371882	499.622
5.439274376	499.622
5.442176871	499.622
5.445079365	499.622
5.447981859	499.622
5.450884354	499.622
5.453786848	499.622
5.456689342	502.516
5.459591837	502.516
5.462494331	502.516
5.465396825	502.516
5.468299320	502.516
5.471201814	502.516
5.474104308	502.516
5.477006803	502.516
5.479909297	502.516
5.482811791	502.516
5.485714286	502.516
5.488616780	502.516
5.491519274	502.516
5.494421769	502.516
5.497324263	502.516
5.500226757	502.516
5.503129252	502.516
5.506031746	502.516
5.508934240	502.516
5.511836735	502.516
5.514739229	502.516
5.517641723	502.516
5.520544218	502.516
5.523446712	502.516
5.526349206	502.516
5.529251701	502.516
5.532154195	502.516
5.535056689	502.516
5.537959184	502.516
5.540861678	502.516
5.543764172	502.516
5.546666667	502.516
5.549569161	502.516
5.552471655	502.516
5.555374150	502.516
5.558276644	502.516
5.561179138	502.516
5.564081633	502.516
5.566984127	502.516
5.569886621	502.516
5.572789116	502.516
5.575691610	502.516
5.578594104	502.516
5.581496599	502.516
5.584399093	502.516
5.587301587	502.516
5.590204082	502.516
5.593106576	502.516
5.596009070	502.516
5.598911565	502.516
5.601814059	502.516
5.604716553	502.516
5.607619048	502.516
5.610521542	502.516
5.613424036	502.516
5.616326531	502.516
5.619229025	502.516
5.622131519	502.516
5.625034014	502.516
5.627936508	502.516
5.630839002	502.516
5.633741497	502.516
5.636643991	502.516
5.639546485	502.516
5.642448980	502.516
5.645351474	502.516
5.648253968	502.516
5.651156463	502.516
5.654058957	502.516
5.656961451	502.516
5.659863946	502.516
5.662766440	502.516
5.665668934	502.516
5.668571429	502.516
5.671473923	502.516
5.674376417	502.516
5.677278912	502.516
5.680181406	502.516
5.683083900	502.516
5.685986395	502.516
5.688888889	502.516
5.691791383	502.516
5.694693878	502.516
5.697596372	502.516
5.700498866	502.516
5.703401361	502.516
5.706303855	502.516
5.709206349	502.516
5.712108844	502.516
5.715011338	502.516
5.717913832	502.516
5.720816327	502.516
5.723718821	502.516
5.726621315	502.516
5.729523810	502.516
5.732426304	502.516
5.735328798	502.516
5.738231293	502.516
5.741133787	502.516
5.744036281	502.516
5.746938776	502.516
5.749841270	502.516
5.752743764	502.516
5.755646259	505.427
5.758548753	502.516
5.761451247	505.427
5.764353741	502.516
5.767256236	505.427
5.770158730	505.427
5.773061224	505.427
5.775963719	505.427
5.778866213	505.427
5.781768707	505.427
5.784671202	502.516
5.787573696	502.516
5.790476190	502.516
5.793378685	499.622
5.796281179	502.516
5.799183673	502.516
5.802086168	499.622
5.804988662	502.516
5.807891156	502.516
5.810793651	508.355
5.813696145	511.3
5.816598639	514.262
5.819501134	517.241
5.822403628	517.241
5.825306122	520.237
5.828208617	523.251
5.831111111	523.251
5.834013605	526.282
5.836916100	526.282
5.839818594	526.282
5.842721088	526.282
5.845623583	526.282
5.848526077	526.282
5.851428571	526.282
5.854331066	529.331
5.857233560	529.331
5.860136054	529.331
5.863038549	529.331
5.865941043	529.331
5.868843537	529.331
5.871746032	529.331
5.874648526	529.331
5.877551020	529.331
5.880453515	529.331
5.883356009	529.331
5.886258503	529.331
5.889160998	529.331
5.892063492	529.331
5.894965986	529.331
5.897868481	529.331
5.900770975	529.331
5.903673469	529.331
5.906575964	529.331
5.909478458	529.331
5.912380952	529.331
5.915283447	529.331
5.918185941	529.331
5.921088435	-396.55
5.923990930	-396.55
5.926893424	-396.55
5.929795918	-396.55
5.932698413	-396.55
5.935600907	-396.55
5.938503401	-396.55
5.941405896	-396.55
5.944308390	-396.55
5.947210884	-396.55
5.950113379	-396.55
5.953015873	-396.55
5.955918367	-396.55
5.958820862	-396.55
5.961723356	-396.55
5.964625850	-396.55
5.967528345	-396.55
5.970430839	-396.55
5.973333333	-396.55
5.976235828	-396.55
5.979138322	-396.55
5.982040816	-396.55
5.984943311	-396.55
5.987845805	-396.55
5.990748299	-396.55
5.993650794	-396.55
5.996553288	-396.55
5.999455782	-396.55
6.002358277	-396.55
6.005260771	-396.55
6.008163265	-396.55
6.011065760	-396.55
6.013968254	-396.55
6.016870748	-396.55
6.019773243	-396.55
6.022675737	-396.55
6.025578231	-396.55
6.028480726	-396.55
6.031383220	-396.55
6.034285714	-396.55
6.037188209	-396.55
6.040090703	-396.55
6.042993197	-396.55
6.045895692	-396.55
6.048798186	-396.55
6.051700680	-396.55
6.054603175	-396.55
6.057505669	-396.55
6.060408163	-396.55
6.063310658	-396.55
6.066213152	-396.55
6.069115646	-396.55
6.072018141	-396.55
6.074920635	-396.55
6.077823129	-396.55
6.080725624	-396.55
6.083628118	-396.55
6.086530612	-396.55
6.089433107	-396.55
6.092335601	-396.55
6.095238095	-396.55
6.098140590	-396.55
6.101043084	-396.55
6.103945578	-396.55
6.106848073	-396.55
6.109750567	-396.55
6.112653061	-396.55
6.115555556	-396.55
6.118458050	-396.55
6.121360544	-396.55
6.124263039	-396.55
6.127165533	-396.55
6.130068027	-396.55
6.132970522	-396.55
6.135873016	-396.55
6.138775510	-396.55
6.141678005	-396.55
6.144580499	-396.55
6.147482993	-396.55
6.150385488	-396.55
6.153287982	-396.55
6.156190476	-396.55
6.159092971	-396.55
6.161995465	-396.55
6.164897959	-396.55
6.167800454	-396.55
6.170702948	-396.55
6.173605442	-396.55
6.176507937	-396.55
6.179410431	-396.55
6.182312925	-396.55
6.185215420	-396.55
6.188117914	-396.55
6.191020408	-396.55
6.193922902	-396.55
6.196825397	-396.55
6.199727891	-396.55
6.202630385	-396.55
6.205532880	-396.55
6.208435374	-396.55
6.211337868	-396.55
6.214240363	-396.55
6.217142857	-396.55
6.220045351	-396.55
6.222947846	-396.55
6.225850340	-396.55
6.228752834	-396.55
6.231655329	-396.55
6.234557823	-396.55
6.237460317	-396.55
6.240362812	-396.55
6.243265306	-396.55
6.246167800	-396.55
6.249070295	-396.55
6.251972789	-396.55
6.254875283	-396.55
6.257777778	-529.331
6.260680272	-529.331
6.263582766	-529.331
6.266485261	-529.331
6.269387755	-529.331
6.272290249	-529.331
6.275192744	-529.331
6.278095238	-529.331
6.280997732	-529.331
6.283900227	-529.331
6.286802721	-529.331
6.289705215	-529.331
6.292607710	-529.331
6.295510204	-529.331
6.298412698	-529.331
6.301315193	-529.331
6.304217687	-529.331
6.307120181	-529.331
6.310022676	-529.331
6.312925170	-529.331
6.315827664	-529.331
6.318730159	-529.331
6.321632653	-529.331
6.324535147	-529.331
6.327437642	-529.331
6.330340136	-529.331
6.333242630	-529.331
6.336145125	-529.331
6.339047619	-529.331
6.341950113	-529.331
6.344852608	-529.331
6.347755102	-529.331
6.350657596	-529.331
6.353560091	-529.331
6.356462585	-529.331
6.359365079	-529.331
6.362267574	-529.331
6.365170068	-529.331
6.368072562	-529.331
6.370975057	-529.331
6.373877551	-529.331
6.376780045	-529.331
6.379682540	-529.331
6.382585034	-529.331
6.385487528	-529.331
6.388390023	-529.331
6.391292517	-529.331
6.394195011	-529.331
6.397097506	-529.331
6.400000000	-529.331
6.402902494	-529.331
6.405804989	-529.331
6.408707483	-529.331
6.411609977	-529.331
6.414512472	-529.331
6.417414966	-529.331
6.420317460	-529.331
6.423219955	-529.331
6.426122449	-529.331
6.429024943	-529.331
6.431927438	-529.331
6.434829932	-529.331
6.437732426	-529.331
6.440634921	-529.331
6.443537415	-529.331
6.446439909	-529.331
6.449342404	-529.331
6.452244898	-529.331
6.455147392	-529.331
6.458049887	-529.331
6.460952381	-529.331
6.463854875	-529.331
6.466757370	-529.331
6.469659864	-529.331
6.472562358	-529.331
6.475464853	-529.331
6.478367347	-529.331
6.481269841	-529.331
6.484172336	-529.331
6.487074830	-529.331
6.489977324	-529.331
6.492879819	-529.331
6.495782313	-529.331
6.498684807	-529.331
6.501587302	-529.331
6.504489796	-529.331
6.507392290	-529.331
6.510294785	-529.331
6.513197279	-529.331
6.516099773	-529.331
6.519002268	-529.331
6.521904762	-529.331
6.524807256	-529.331
6.527709751	-529.331
6.530612245	-529.331
6.533514739	-529.331
6.536417234	-529.331
6.539319728	-529.331
6.542222222	-529.331
6.545124717	-529.331
6.548027211	-529.331
6.550929705	-529.331
6.553832200	-529.331
6.556734694	-529.331
6.559637188	-529.331
6.562539683	-529.331
6.565442177	-529.331
6.568344671	-529.331
6.571247166	-529.331
6.574149660	-529.331
6.577052154	-529.331
6.579954649	-529.331
6.582857143	-529.331
6.585759637	-529.331
6.588662132	-529.331
6.591564626	-529.331
6.594467120	-529.331
6.597369615	-529.331
6.600272109	-529.331
6.603174603	-529.331
6.606077098	-529.331
6.608979592	-529.331
6.611882086	-529.331
6.614784580	-529.331
6.617687075	-529.331
6.620589569	-529.331
6.623492063	-529.331
6.626394558	-529.331
6.629297052	-529.331
6.632199546	-529.331
6.635102041	-529.331
6.638004535	-529.331
6.640907029	-529.331
6.643809524	-529.331
6.646712018	-529.331
6.649614512	-529.331
6.652517007	-529.331
6.655419501	-529.331
6.658321995	-529.331
6.661224490	-529.331
6.664126984	-529.331
6.667029478	-529.331
6.669931973	-529.331
6.672834467	-529.331
6.675736961	-529.331
6.678639456	-529.331
6.681541950	-529.331
6.684444444	-529.331
6.687346939	-529.331
6.690249433	-529.331
6.693151927	-529.331
6.696054422	-529.331
6.698956916	-529.331
6.701859410	-529.331
6.704761905	-529.331
6.707664399	-529.331
6.710566893	-529.331
6.713469388	-529.331
6.716371882	-529.331
6.719274376	-529.331
6.722176871	-529.331
6.725079365	-529.331
6.727981859	-529.331
6.730884354	-529.331
6.733786848	-529.331
6.736689342	-529.331
6.739591837	-529.331
6.742494331	-529.331
6.745396825	-529.331
6.748299320	-529.331
6.751201814	-529.331
6.754104308	-529.331
6.757006803	-529.331
6.759909297	-529.331
6.762811791	-529.331
6.765714286	-529.331
6.768616780	-529.331
6.771519274	-529.331
6.774421769	-529.331
6.777324263	-529.331
6.780226757	-529.331
6.783129252	-529.331
6.786031746	-529.331
6.788934240	-529.331
6.791836735	-529.331
6.794739229	-529.331
6.797641723	-529.331
6.800544218	-529.331
6.803446712	-529.331
6.806349206	-529.331
6.809251701	-529.331
6.812154195	-529.331
6.815056689	-529.331
6.817959184	-529.331
6.820861678	-529.331
6.823764172	-529.331
6.826666667	-529.331
6.829569161	-529.331
6.832471655	-529.331
6.835374150	-529.331
6.838276644	-529.331
6.841179138	-529.331
6.844081633	-529.331
6.846984127	-529.331
6.849886621	-529.331
6.852789116	-529.331
6.855691610	-529.331
6.858594104	-529.331
6.861496599	-529.331
6.864399093	-529.331
6.867301587	-529.331
6.870204082	-529.331
6.873106576	-529.331
6.876009070	-529.331
6.878911565	-529.331
6.881814059	-529.331
6.884716553	-529.331
6.887619048	-529.331
6.890521542	-529.331
6.893424036	-529.331
6.896326531	-529.331
6.899229025	-529.331
6.902131519	-529.331
6.905034014	-529.331
6.907936508	-529.331
6.910839002	-529.331
6.913741497	-529.331
6.916643991	-529.331
6.919546485	-529.331
6.922448980	-529.331
6.925351474	-529.331
6.928253968	-529.331
6.931156463	-529.331
6.934058957	-529.331
6.936961451	-529.331
6.939863946	-529.331
6.942766440	-529.331
6.945668934	-529.331
6.948571429	-529.331
6.951473923	-529.331
6.954376417	-529.331
6.957278912	-529.331
6.960181406	-529.331
6.963083900	-529.331
6.965986395	-529.331
6.968888889	-529.331
6.971791383	-529.331
6.974693878	-529.331
6.977596372	-529.331
6.980498866	-529.331
6.983401361	-529.331
6.986303855	-529.331
6.989206349	-529.331
6.992108844	-529.331
6.995011338	-529.331
6.997913832	-529.331
7.000816327	-529.331
7.003718821	-529.331
7.006621315	-529.331
7.009523810	-529.331
7.012426304	-529.331
7.015328798	-529.331
7.018231293	-529.331
7.021133787	-529.331
7.024036281	-529.331
7.026938776	-529.331
7.029841270	-529.331
7.032743764	-529.331
7.035646259	-529.331
7.038548753	-529.331
7.041451247	-529.331
7.044353741	-529.331
7.047256236	-529.331
7.050158730	-529.331
7.053061224	-529.331
7.055963719	-529.331
7.058866213	-529.331
7.061768707	-529.331
7.064671202	-529.331
7.067573696	-529.331
7.070476190	-529.331
7.073378685	-529.331
7.076281179	-529.331
7.079183673	-529.331
7.082086168	-529.331
7.084988662	-529.331
7.087891156	-529.331
7.090793651	-529.331
7.093696145	-529.331
7.096598639	-529.331
7.099501134	-529.331
7.102403628	-529.331
7.105306122	-529.331
7.108208617	-529.331
7.111111111	-529.331
7.114013605	-529.331
7.116916100	-529.331
7.119818594	-529.331
7.122721088	-529.331
7.125623583	-529.331
7.128526077	-529.331
7.131428571	-529.331
7.134331066	-529.331
7.137233560	-529.331
7.140136054	-529.331
7.143038549	-529.331
7.145941043	-529.331
7.148843537	-529.331
7.151746032	-529.331
7.154648526	-529.331
7.157551020	-529.331
7.160453515	-529.331
7.163356009	-529.331
7.166258503	-529.331
7.169160998	-529.331
7.172063492	-529.331
7.174965986	-529.331
7.177868481	-529.331
7.180770975	-529.331
7.183673469	-529.331
7.186575964	-529.331
7.189478458	-529.331
7.192380952	-529.331
7.195283447	-529.331
7.198185941	-529.331
7.201088435	-529.331
7.203990930	-529.331
7.206893424	-529.331
7.209795918	-529.331
7.212698413	-529.331
7.215600907	-529.331
7.218503401	-529.331
7.221405896	-529.331
7.224308390	-529.331
7.227210884	-529.331
7.230113379	-529.331
7.233015873	-529.331
7.235918367	-529.331
7.238820862	-529.331
7.241723356	-529.331
7.244625850	-529.331
7.247528345	-529.331
7.250430839	-529.331
7.253333333	-529.331
7.256235828	-529.331
7.259138322	-529.331
7.262040816	-529.331
7.264943311	-529.331
7.267845805	-529.331
7.270748299	-529.331
7.273650794	-529.331
7.276553288	-529.331
7.279455782	-529.331
7.282358277	-529.331
7.285260771	-529.331
7.288163265	-529.331
7.291065760	-529.331
7.293968254	-529.331
7.296870748	-529.331
7.299773243	-529.331
7.302675737	-529.331
7.305578231	-529.331
7.308480726	-529.331
7.311383220	-529.331
7.314285714	-529.331
7.317188209	-529.331
7.320090703	-529.331
7.322993197	-529.331
7.325895692	-529.331
7.328798186	-529.331
7.331700680	-529.331
7.334603175	-529.331
7.337505669	-529.331
7.340408163	-529.331
7.343310658	-529.331
7.346213152	-529.331
7.349115646	-529.331
7.352018141	-529.331
7.354920635	-529.331
7.357823129	-529.331
7.360725624	-529.331
7.363628118	-529.331
7.366530612	-529.331
7.369433107	-529.331
7.372335601	-529.331
7.375238095	-529.331
7.378140590	-529.331
7.381043084	-529.331
7.383945578	-529.331
7.386848073	-529.331
7.389750567	-529.331
7.392653061	-529.331
7.395555556	-529.331
7.398458050	-529.331
7.401360544	-529.331
7.404263039	-529.331
7.407165533	-529.331
7.410068027	-529.331
7.412970522	-529.331
7.415873016	-529.331
7.418775510	-529.331
7.421678005	-529.331
7.424580499	-529.331
7.427482993	-529.331
7.430385488	-529.331
7.433287982	-529.331
7.436190476	-529.331
7.439092971	-529.331
7.441995465	-529.331
7.444897959	-529.331
7.447800454	-529.331
7.450702948	-529.331
7.453605442	-529.331
7.456507937	-529.331
7.459410431	-529.331
7.462312925	-529.331
7.465215420	-529.331
7.468117914	-529.331
7.471020408	-529.331
7.473922902	-529.331
7.476825397	-529.331
7.479727891	-529.331
7.482630385	-529.331
7.485532880	-529.331
7.488435374	-529.331
7.491337868	-529.331
7.494240363	-529.331
7.497142857	-529.331
7.500045351	-529.331
7.502947846	-529.331
7.505850340	-529.331
7.508752834	-529.331
7.511655329	-529.331
7.514557823	-529.331
7.517460317	-529.331
7.520362812	-529.331
7.523265306	-529.331
7.526167800	-529.331
7.529070295	-529.331
7.531972789	-529.331
7.534875283	-529.331
7.537777778	-529.331
7.540680272	-529.331
7.543582766	-529.331
7.546485261	-529.331
7.549387755	-529.331
7.552290249	-529.331
7.555192744	-529.331
7.558095238	-529.331
7.560997732	-529.331
7.563900227	-529.331
7.566802721	-529.331
7.569705215	-529.331
7.572607710	-529.331
7.575510204	-529.331
7.578412698	-529.331
7.581315193	-529.331
7.584217687	-529.331
7.587120181	-529.331
7.590022676	-529.331
7.592925170	-529.331
7.595827664	-529.331
7.598730159	-529.331
7.601632653	-529.331
7.604535147	-529.331
7.607437642	-529.331
7.610340136	-529.331
7.613242630	-529.331
7.616145125	-529.331
7.619047619	-529.331
7.621950113	-529.331
7.624852608	-529.331
7.627755102	-529.331
7.630657596	-529.331
7.633560091	-529.331
7.636462585	-529.331
7.639365079	-529.331
7.642267574	-529.331
7.645170068	-529.331
7.648072562	-529.331
7.650975057	-529.331
7.653877551	-529.331
7.656780045	-529.331
7.659682540	-529.331
7.662585034	-529.331
7.665487528	-529.331
7.668390023	-529.331
7.671292517	-529.331
7.674195011	-529.331
7.677097506	-529.331
7.680000000	-529.331
7.682902494	-529.331
7.685804989	-529.331
7.688707483	-529.331
7.691609977	-529.331
7.694512472	-529.331
7.697414966	-529.331
7.700317460	-529.331
7.703219955	-529.331
7.706122449	-529.331
7.709024943	-529.331
7.711927438	-529.331
7.714829932	-529.331
7.717732426	-529.331
7.720634921	-529.331
7.723537415	-529.331
7.726439909	-529.331
7.729342404	-529.331
7.732244898	-529.331
7.735147392	-529.331
7.738049887	-529.331
7.740952381	-529.331
7.743854875	-529.331
7.746757370	-529.331
7.749659864	-529.331
7.752562358	-529.331
7.755464853	-529.331
7.758367347	-529.331
7.761269841	-529.331
7.764172336	-529.331
7.767074830	-529.331
7.769977324	-529.331
7.772879819	-529.331
7.775782313	-529.331
7.778684807	-529.331
7.781587302	-529.331
7.784489796	-529.331
7.787392290	-529.331
7.790294785	-529.331
7.793197279	-529.331
7.796099773	-529.331
7.799002268	-529.331
7.801904762	-529.331
7.804807256	-529.331
7.807709751	-529.331
7.810612245	-529.331
7.813514739	-529.331
7.816417234	-529.331
7.819319728	-529.331
7.822222222	-529.331
7.825124717	-529.331
7.828027211	-529.331
7.830929705	-529.331
7.833832200	-529.331
7.836734694	-529.331
7.839637188	-529.331
7.842539683	-529.331
7.845442177	-529.331
7.848344671	-529.331
7.851247166	-529.331
7.854149660	-529.331
7.857052154	-529.331
7.859954649	-529.331
7.862857143	-529.331
7.865759637	-529.331
7.868662132	-529.331
7.871564626	-529.331
7.874467120	-529.331
7.877369615	-529.331
7.880272109	-529.331
7.883174603	-529.331
7.886077098	-529.331
7.888979592	-529.331
7.891882086	-529.331
7.894784580	-529.331
7.897687075	-529.331
7.900589569	-529.331
7.903492063	-529.331
7.906394558	-529.331
7.909297052	-529.331
7.912199546	-529.331
7.915102041	-529.331
7.918004535	-529.331
7.920907029	-529.331
7.923809524	-529.331
7.926712018	-529.331
7.929614512	-529.331
7.932517007	-529.331
7.935419501	-529.331
7.938321995	-529.331
7.941224490	-529.331
7.944126984	-529.331
7.947029478	-529.331
7.949931973	-529.331
7.952834467	-529.331
7.955736961	-529.331
7.958639456	-529.331
7.961541950	-529.331
7.964444444	-529.331
7.967346939	-529.331
7.970249433	-529.331
7.973151927	-529.331
7.976054422	-529.331
7.978956916	-529.331
7.981859410	-529.331
7.984761905	-529.331
7.987664399	-529.331
7.990566893	-529.331
7.993469388	-529.331
7.996371882	-529.331
7.999274376	-529.331
8.002176871	-529.331
8.005079365	-529.331
8.007981859	-529.331
8.010884354	-529.331
8.013786848	-529.331
8.016689342	-529.331
8.019591837	-529.331
8.022494331	-529.331
8.025396825	-529.331
8.028299320	-529.331
8.031201814	-529.331
8.034104308	-529.331
8.037006803	-529.331
8.039909297	-529.331
8.042811791	-529.331
8.045714286	-529.331
8.048616780	-529.331
8.051519274	-529.331
8.054421769	-529.331
8.057324263	-529.331
8.060226757	-529.331
8.063129252	-529.331
8.066031746	-529.331
8.068934240	-529.331
8.071836735	-529.331
8.074739229	-529.331
8.077641723	-529.331
8.080544218	-529.331
8.083446712	-529.331
8.086349206	-529.331
8.089251701	-529.331
8.092154195	-529.331
8.095056689	-529.331
8.097959184	-529.331
8.100861678	-529.331
8.103764172	-529.331
8.106666667	-529.331
8.109569161	-529.331
8.112471655	-529.331
8.115374150	-529.331
8.118276644	-529.331
8.121179138	-529.331
8.124081633	-529.331
8.126984127	-529.331
8.129886621	-529.331
8.132789116	-529.331
8.135691610	-529.331
8.138594104	-529.331
8.141496599	-529.331
8.144399093	-529.331
8.147301587	-529.331
8.150204082	-529.331
8.153106576	-529.331
8.156009070	-529.331
8.158911565	-529.331
8.161814059	-529.331
8.164716553	-529.331
8.167619048	-529.331
8.170521542	-529.331
8.173424036	-529.331
8.176326531	-529.331
8.179229025	-529.331
8.182131519	-529.331
8.185034014	-529.331
8.187936508	-529.331
8.190839002	-529.331
8.193741497	-529.331
8.196643991	-529.331
8.199546485	-529.331
8.202448980	-529.331
8.205351474	-529.331
8.208253968	-529.331
8.211156463	-529.331
8.214058957	-529.331
8.216961451	-529.331
8.219863946	-529.331
8.222766440	-529.331
8.225668934	-529.331
8.228571429	-529.331
8.231473923	-529.331
8.234376417	-529.331
8.237278912	-529.331
8.240181406	-529.331
8.243083900	-529.331
8.245986395	-529.331
8.248888889	-529.331
8.251791383	-529.331
8.254693878	-529.331
8.257596372	-529.331
8.260498866	-529.331
8.263401361	-529.331
8.266303855	-529.331
8.269206349	-529.331
8.272108844	-529.331
8.275011338	-529.331
8.277913832	-529.331
8.280816327	-529.331
8.283718821	-529.331
8.286621315	-529.331
8.289523810	-529.331
8.292426304	-529.331
8.295328798	-529.331
8.298231293	-529.331
8.301133787	-529.331
8.304036281	-529.331
8.306938776	-529.331
8.309841270	-529.331
8.312743764	-529.331
8.315646259	-529.331
8.318548753	-529.331
8.321451247	-529.331
8.324353741	-529.331
8.327256236	-529.331
8.330158730	-529.331
8.333061224	-529.331
8.335963719	-529.331
8.338866213	-529.331
8.341768707	-529.331
8.344671202	-529.331
8.347573696	-529.331
8.350476190	-529.331
8.353378685	-529.331
8.356281179	-529.331
8.359183673	-529.331
8.362086168	-529.331
8.364988662	-529.331
8.367891156	-529.331
8.370793651	-529.331
8.373696145	-529.331
8.376598639	-529.331
8.379501134	-529.331
8.382403628	-529.331
8.385306122	-529.331
8.388208617	-529.331
8.391111111	-529.331
8.394013605	-529.331
8.396916100	-529.331
8.399818594	-529.331
8.402721088	-529.331
8.405623583	-529.331
8.408526077	-529.331
8.411428571	-529.331
8.414331066	-529.331
8.417233560	-529.331
8.420136054	-529.331
8.423038549	-529.331
8.425941043	-529.331
8.428843537	-529.331
8.431746032	-529.331
8.434648526	-529.331
8.437551020	-529.331
8.440453515	-529.331
8.443356009	-529.331
8.446258503	-529.331
8.449160998	-529.331
8.452063492	-529.331
8.454965986	-529.331
8.457868481	-529.331
8.460770975	-529.331
8.463673469	-529.331
8.466575964	-529.331
8.469478458	-529.331
8.472380952	-529.331
8.475283447	-529.331
8.478185941	-529.331
8.481088435	-529.331
8.483990930	-529.331
8.486893424	-529.331
8.489795918	-529.331
8.492698413	-529.331
8.495600907	-529.331
8.498503401	-529.331
8.501405896	-529.331
8.504308390	-529.331
8.507210884	-529.331
8.510113379	-529.331
8.513015873	-529.331
8.515918367	-529.331
8.518820862	-529.331
8.521723356	-529.331
8.524625850	-529.331
8.527528345	-529.331
8.530430839	-529.331
8.533333333	-529.331
8.536235828	-529.331
8.539138322	-529.331
8.542040816	-529.331
8.544943311	-529.331
8.547845805	-529.331
8.550748299	-529.331
8.553650794	-529.331
8.556553288	-529.331
8.559455782	-529.331
8.562358277	-529.331
8.565260771	-529.331
8.568163265	-529.331
8.571065760	-529.331
8.573968254	-529.331
8.576870748	-529.331
8.579773243	-529.331
8.582675737	-529.331
8.585578231	-529.331
8.588480726	-529.331
8.591383220	-529.331
8.594285714	-529.331
8.597188209	-529.331
8.600090703	-529.331
8.602993197	-529.331
8.605895692	-529.331
8.608798186	-529.331
8.611700680	-529.331
8.614603175	-529.331
8.617505669	-529.331
8.620408163	-529.331
8.623310658	-529.331
8.626213152	-529.331
8.629115646	-529.331
8.632018141	-529.331
8.634920635	-529.331
8.637823129	-529.331
8.640725624	-529.331
8.643628118	-529.331
8.646530612	-529.331
8.649433107	-529.331
8.652335601	-529.331
8.655238095	-529.331
8.658140590	-532.397
8.661043084	-532.397
8.663945578	-532.397
8.666848073	-532.397
8.669750567	-532.397
8.672653061	-532.397
8.675555556	-532.397
8.678458050	-532.397
8.681360544	-532.397
8.684263039	-532.397
8.687165533	-532.397
8.690068027	-532.397
8.692970522	-532.397
8.695873016	-532.397
8.698775510	-532.397
8.701678005	-532.397
8.704580499	-532.397
8.707482993	-532.397
8.710385488	-529.331
8.713287982	-529.331
8.716190476	-529.331
8.719092971	-529.331
8.721995465	-529.331
8.724897959	-529.331
8.727800454	-529.331
8.730702948	-529.331
8.733605442	-529.331
8.736507937	-529.331
8.739410431	-529.331
8.742312925	-529.331
8.745215420	-529.331
8.748117914	-529.331
8.751020408	-529.331
8.753922902	-529.331
8.756825397	-529.331
8.759727891	-529.331
8.762630385	-529.331
8.765532880	-529.331
8.768435374	-529.331
8.771337868	-529.331
8.774240363	-529.331
8.777142857	-529.331
8.780045351	-529.331
8.782947846	-529.331
8.785850340	-529.331
8.788752834	-529.331
8.791655329	-529.331
8.794557823	-529.331
8.797460317	-529.331
8.800362812	-529.331
8.803265306	-529.331
8.806167800	-529.331
8.809070295	-529.331
8.811972789	-529.331
8.814875283	-529.331
8.817777778	-529.331
8.820680272	-529.331
8.823582766	-529.331
8.826485261	-529.331
8.829387755	-529.331
8.832290249	-529.331
8.835192744	-529.331
8.838095238	-529.331
8.840997732	-529.331
8.843900227	-529.331
8.846802721	-529.331
8.849705215	-529.331
8.852607710	-529.331
8.855510204	-529.331
8.858412698	-532.397
8.861315193	-532.397
8.864217687	-532.397
8.867120181	-532.397
8.870022676	-532.397
8.872925170	-532.397
8.875827664	-532.397
8.878730159	-532.397
8.881632653	-532.397
8.884535147	-532.397
8.887437642	-532.397
8.890340136	-532.397
8.893242630	-532.397
8.896145125	-529.331
8.899047619	-529.331
8.901950113	-529.331
8.904852608	-529.331
8.907755102	-529.331
8.910657596	-529.331
8.913560091	-529.331
8.916462585	-529.331
8.919365079	-529.331
8.922267574	-529.331
8.925170068	-529.331
8.928072562	-529.331
8.930975057	-529.331
8.933877551	-529.331
8.936780045	-529.331
8.939682540	-529.331
8.942585034	-529.331
8.945487528	-529.331
8.948390023	-529.331
8.951292517	-529.331
8.954195011	-529.331
8.957097506	-529.331
8.960000000	-529.331
8.962902494	-529.331
8.965804989	-529.331
8.968707483	-529.331
8.971609977	-529.331
8.974512472	-529.331
8.977414966	-529.331
8.980317460	-529.331
8.983219955	-529.331
8.986122449	-529.331
8.989024943	-529.331
8.991927438	-529.331
8.994829932	-529.331
8.997732426	-529.331
9.000634921	-529.331
9.003537415	-529.331
9.006439909	-529.331
9.009342404	-529.331
9.012244898	-529.331
9.015147392	-529.331
9.018049887	-529.331
9.020952381	-529.331
9.023854875	-529.331
9.026757370	-529.331
9.029659864	-529.331
9.032562358	-529.331
9.035464853	-529.331
9.038367347	-529.331
9.041269841	-529.331
9.044172336	-529.331
9.047074830	-529.331
9.049977324	-529.331
9.052879819	-529.331
9.055782313	-529.331
9.058684807	-529.331
9.061587302	-529.331
9.064489796	-529.331
9.067392290	-529.331
9.070294785	-529.331
9.073197279	-532.397
9.076099773	-532.397
9.079002268	-532.397
9.081904762	-532.397
9.084807256	-532.397
9.087709751	-532.397
9.090612245	-532.397
9.093514739	-532.397
9.096417234	-532.397
9.099319728	-532.397
9.102222222	-532.397
9.105124717	-532.397
9.108027211	-532.397
9.110929705	-532.397
9.113832200	-529.331
9.116734694	-529.331
9.119637188	-529.331
9.122539683	-529.331
9.125442177	-529.331
9.128344671	-529.331
9.131247166	-529.331
9.134149660	-529.331
9.137052154	-529.331
9.139954649	-529.331
9.142857143	-529.331
9.145759637	-529.331
9.148662132	-529.331
9.151564626	-529.331
9.154467120	-529.331
9.157369615	-529.331
9.160272109	-529.331
9.163174603	-529.331
9.166077098	-529.331
9.168979592	-529.331
9.171882086	-529.331
9.174784580	-529.331
9.177687075	-529.331
9.180589569	-529.331
9.183492063	-529.331
9.186394558	-529.331
9.189297052	-529.331
9.192199546	-529.331
9.195102041	-529.331
9.198004535	-529.331
9.200907029	-529.331
9.203809524	-529.331
9.206712018	-529.331
9.209614512	-529.331
9.212517007	-529.331
9.215419501	-529.331
9.218321995	-529.331
9.221224490	-529.331
9.224126984	-529.331
9.227029478	-529.331
9.229931973	-529.331
9.232834467	-529.331
9.235736961	-529.331
9.238639456	-529.331
9.241541950	-529.331
9.244444444	-529.331
9.247346939	-529.331
9.250249433	-529.331
9.253151927	-529.331
9.256054422	-529.331
9.258956916	-529.331
9.261859410	-529.331
9.264761905	-532.397
9.267664399	-532.397
9.270566893	-532.397
9.273469388	-532.397
9.276371882	-532.397
9.279274376	-532.397
9.282176871	-532.397
9.285079365	-532.397
9.287981859	-532.397
9.290884354	-532.397
9.293786848	-532.397
9.296689342	-532.397
9.299591837	-532.397
9.302494331	-529.331
9.305396825	-529.331
9.308299320	-529.331
9.311201814	-529.331
9.314104308	-529.331
9.317006803	-529.331
9.319909297	-529.331
9.322811791	-529.331
9.325714286	-529.331
9.328616780	-529.331
9.331519274	-529.331
9.334421769	-529.331
9.337324263	-529.331
9.340226757	-529.331
9.343129252	-529.331
9.346031746	-529.331
9.348934240	-529.331
9.351836735	-529.331
9.354739229	-529.331
9.357641723	-529.331
9.360544218	-529.331
9.363446712	-529.331
9.366349206	-529.331
9.369251701	-529.331
9.372154195	-529.331
9.375056689	-529.331
9.377959184	-529.331
9.380861678	-529.331
9.383764172	-529.331
9.386666667	-529.331
9.389569161	-529.331
9.392471655	-529.331
9.395374150	-529.331
9.398276644	-529.331
9.401179138	-529.331
9.404081633	-529.331
9.406984127	-529.331
9.409886621	-529.331
9.412789116	-529.331
9.415691610	-529.331
9.418594104	-529.331
9.421496599	-529.331
9.424399093	-529.331
9.427301587	-529.331
9.430204082	-529.331
9.433106576	-529.331
9.436009070	-529.331
9.438911565	-529.331
9.441814059	-529.331
9.444716553	-529.331
9.447619048	-529.331
9.450521542	-529.331
9.453424036	-529.331
9.456326531	-529.331
9.459229025	-529.331
9.462131519	-529.331
9.465034014	-529.331
9.467936508	-529.331
9.470839002	-529.331
9.473741497	-529.331
9.476643991	-529.331
9.479546485	-529.331
9.482448980	-529.331
9.485351474	-529.331
9.488253968	-529.331
9.491156463	-529.331
9.494058957	-529.331
9.496961451	-529.331
9.499863946	-529.331
9.502766440	-529.331
9.505668934	-529.331
9.508571429	-529.331
9.511473923	-529.331
9.514376417	-529.331
9.517278912	-529.331
9.520181406	-529.331
9.523083900	-529.331
9.525986395	-529.331
9.528888889	-529.331
9.531791383	-529.331
9.534693878	-529.331
9.537596372	-529.331
9.540498866	-529.331
9.543401361	-529.331
9.546303855	-529.331
9.549206349	-529.331
9.552108844	-529.331
9.555011338	-529.331
9.557913832	-529.331
9.560816327	-529.331
9.563718821	-529.331
9.566621315	-529.331
9.569523810	-529.331
9.572426304	-529.331
9.575328798	-529.331
9.578231293	-529.331
9.581133787	-529.331
9.584036281	-529.331
9.586938776	-529.331
9.589841270	-529.331
9.592743764	-529.331
9.595646259	-529.331
9.598548753	-529.331
9.601451247	-529.331
9.604353741	-529.331
9.607256236	-529.331
9.610158730	-532.397
9.613061224	-532.397
9.615963719	-532.397
9.618866213	-532.397
9.621768707	-532.397
9.624671202	-532.397
9.627573696	-532.397
9.630476190	-529.331
9.633378685	-529.331
9.636281179	-529.331
9.639183673	-532.397
9.642086168	-532.397
9.644988662	-529.331
9.647891156	-529.331
9.650793651	-529.331
9.653696145	-529.331
9.656598639	-529.331
9.659501134	-529.331
9.662403628	-529.331
9.665306122	-529.331
9.668208617	-529.331
9.671111111	-529.331
9.674013605	-529.331
9.676916100	-529.331
9.679818594	-529.331
9.682721088	-529.331
9.685623583	-529.331
9.688526077	-529.331
9.691428571	-529.331
9.694331066	-529.331
9.697233560	-529.331
9.700136054	-529.331
9.703038549	-529.331
9.705941043	-529.331
9.708843537	-529.331
9.711746032	-529.331
9.714648526	-529.331
9.717551020	-529.331
9.720453515	-529.331
9.723356009	-529.331
9.726258503	-529.331
9.729160998	-529.331
9.732063492	-529.331
9.734965986	-529.331
9.737868481	-529.331
9.740770975	-529.331
9.743673469	-529.331
9.746575964	-529.331
9.749478458	-529.331
9.752380952	-529.331
9.755283447	-529.331
9.758185941	-529.331
9.761088435	-529.331
9.763990930	-529.331
9.766893424	-529.331
9.769795918	-529.331
9.772698413	-532.397
9.775600907	-532.397
9.778503401	-532.397
9.781405896	-532.397
9.784308390	-532.397
9.787210884	-532.397
9.790113379	-532.397
9.793015873	-532.397
9.795918367	-532.397
9.798820862	-532.397
9.801723356	-532.397
9.804625850	-532.397
9.807528345	-532.397
9.810430839	-532.397
9.813333333	-532.397
9.816235828	-532.397
9.819138322	-532.397
9.822040816	-532.397
9.824943311	-532.397
9.827845805	-529.331
9.830748299	-529.331
9.833650794	-529.331
9.836553288	-529.331
9.839455782	-529.331
9.842358277	-529.331
9.845260771	-529.331
9.848163265	-529.331
9.851065760	-529.331
9.853968254	-529.331
9.856870748	-529.331
9.859773243	-529.331
9.862675737	-529.331
9.865578231	-529.331
9.868480726	-529.331
9.871383220	-529.331
9.874285714	-529.331
9.877188209	-529.331
9.880090703	-529.331
9.882993197	-529.331
9.885895692	-529.331
9.888798186	-529.331
9.891700680	-529.331
9.894603175	-529.331
9.897505669	-529.331
9.900408163	-529.331
9.903310658	-529.331
9.906213152	-529.331
9.909115646	-529.331
9.912018141	-529.331
9.914920635	-529.331
9.917823129	-529.331
9.920725624	-529.331
9.923628118	-529.331
9.926530612	-529.331
9.929433107	-529.331
9.932335601	-529.331
9.935238095	-529.331
9.938140590	-529.331
9.941043084	-529.331
9.943945578	-440
9.946848073	-440
9.949750567	-440
9.952653061	-440
9.955555556	-440
9.958458050	-440
9.961360544	-440
9.964263039	-440
9.967165533	-440
9.970068027	-440
9.972970522	-440
9.975873016	-440
9.978775510	-440
9.981678005	-440
9.984580499	-440
9.987482993	-440
9.990385488	-440
9.993287982	-440
9.996190476	-440
9.999092971	-440
10.001995465	-440
10.004897959	-440