0.023219954648526078	-220
0.026122448979591838	-220
0.029024943310657598	-220
0.03192743764172336	-220
0.034829931972789115	-220
0.03773242630385488	-220
0.040634920634920635	-220
0.0435374149659864	-220
0.046439909297052155	-220
0.04934240362811791	-220
0.052244897959183675	-220
0.05514739229024944	-220
0.05804988662131519	-220
0.06095238095238095	-220
0.06385487528344672	-220
0.06675736961451248	-220
0.06965986394557823	-220
0.07256235827664399	-220
0.07546485260770976	-220
0.0783673469387755	-220
0.08126984126984127	-220
0.08417233560090703	-220
0.0870748299319728	-220
0.08997732426303856	-220
0.09287981859410431	-220
0.09578231292517007	-220
0.09868480725623584	-220
0.10158730158730159	-220
0.10448979591836735	-220
0.10739229024943311	-220
0.11029478458049888	-220
0.11319727891156463	-220
0.11609977324263039	-220
0.11900226757369615	-220
0.1219047619047619	-220
0.12480725623582767	-220
0.12770975056689343	-220
0.1306122448979592	-220
0.13351473922902493	-220
0.1364172335600907	-220
0.13931972789115646	-220
0.14222222222222222	-220
0.14512471655328799	-220
0.14802721088435375	-220
0.1509297052154195	-220
0.15383219954648528	-220
0.15673469387755104	-220
0.15963718820861678	-220
0.16253968253968254	-220
0.1654421768707483	-220
0.16834467120181407	-220
0.17124716553287983	-220
0.1741496598639456	-220
0.17705215419501136	-220
0.1799546485260771	-220
0.18285714285714286	-220
0.18575963718820862	-220
0.18866213151927438	-220
0.19156462585034015	-220
0.1944671201814059	-220
0.19736961451247167	-220
0.2002721088435374	-220
0.20317460317460317	-220
0.20607709750566894	-220
0.2089795918367347	-220
0.21188208616780047	-220
0.21478458049886623	-220
0.217687074829932	-220
0.22058956916099773	-220
0.2234920634920635	-220
0.22639455782312926	-220
0.22929705215419502	-220
0.23219954648526078	-220
0.23510204081632655	-220
0.2380045351473923	-220
0.24090702947845805	-220
0.2438095238095238	-220
0.24671201814058957	-220
0.24961451247165534	-220
0.2525170068027211	-220
0.25541950113378686	-220
0.2583219954648526	-220
0.26122448979591834	-220
0.2641269841269841	-220
0.26702947845804986	-220
0.2699319727891156	-220
0.2728344671201814	-220
0.27573696145124715	-220
0.2786394557823129	-220
0.2815419501133787	-220
0.28444444444444444	-220
0.2873469387755102	-220
0.29024943310657597	-220
0.2931519274376417	-220
0.29605442176870744	-220
0.2989569160997732	-220
0.30185941043083897	-220
0.30476190476190473	-220
0.3076643990929705	-220
0.31056689342403626	-220
0.313469387755102	-220
0.3163718820861678	-220
0.31927437641723355	-220
0.3221768707482993	-220
0.3250793650793651	-220
0.32798185941043084	-220
0.3308843537414966	-220
0.3337868480725623	-220
0.3366893424036281	-220
0.33959183673469384	-220
0.3424943310657596	-220
0.34539682539682537	-220
0.34829931972789113	-220
0.3512018140589569	-220
0.35410430839002266	-220
0.3570068027210884	-220
0.3599092970521542	-220
0.36281179138321995	-220
0.3657142857142857	-220
0.3686167800453515	-220
0.37151927437641724	-220
0.37442176870748295	-220
0.3773242630385487	-220
0.3802267573696145	-220
0.38312925170068024	-220
0.386031746031746	-220
0.38893424036281177	-220
0.39183673469387753	-220
0.3947392290249433	-220
0.39764172335600906	-220
0.4005442176870748	-220
0.4034467120181406	-220
0.40634920634920635	-220
0.4092517006802721	-220
0.4121541950113379	-220
0.41505668934240364	-220
0.41795918367346935	-220
0.4208616780045351	-220
0.4237641723356009	-220
0.42666666666666664	-220
0.4295691609977324	-220
0.43247165532879817	-220
0.43537414965986393	-220
0.4382766439909297	-220
0.44117913832199546	-220
0.4440816326530612	-220
0.446984126984127	-220
0.44988662131519275	-220
0.4527891156462585	-220
0.4556916099773243	-220
0.45859410430839	-220
0.46149659863945575	-220
0.4643990929705215	-220
0.4673015873015873	-220
0.47020408163265304	-220
0.4731065759637188	-220
0.47600907029478456	-220
0.47891156462585033	-220
0.4818140589569161	-220
0.48471655328798186	-220
0.4876190476190476	-220
0.4905215419501134	-220
0.49342403628117915	-220
0.4963265306122449	-220
0.4992290249433106	-220
0.5021315192743764	-220
0.5050340136054422	-220
0.5079365079365079	-220
0.5108390022675737	-220
0.5137414965986394	-220
0.5166439909297053	-220
0.519546485260771	-220
0.5224489795918368	-220
0.5253514739229025	-220
0.5282539682539683	-220
0.531156462585034	-220
0.5340589569160998	-220
0.5369614512471655	-220
0.5398639455782314	-220
0.5427664399092971	-220
0.5456689342403629	-220
0.5485714285714286	-220
0.5514739229024944	-220
0.5543764172335601	-220
0.557278911564626	-220
0.5601814058956917	-220
0.5630839002267574	-220
0.5659863945578232	263.14114
0.5688888888888889	263.14114
0.5717913832199547	263.14114
0.5746938775510204	263.14114
0.5775963718820862	263.14114
0.5804988662131519	263.14114
0.5834013605442178	263.14114
0.5863038548752835	263.14114
0.5892063492063493	263.14114
0.592108843537415	263.14114
0.5950113378684808	264.6655
0.5979138321995465	264.6655
0.6008163265306123	264.6655
0.603718820861678	264.6655
0.6066213151927438	264.6655
0.6095238095238096	264.6655
0.6124263038548753	264.6655
0.6153287981859411	264.6655
0.6182312925170068	264.6655
0.6211337868480726	264.6655
0.6240362811791383	264.6655
0.6269387755102042	264.6655
0.6298412698412699	264.6655
0.6327437641723357	266.1987
0.6356462585034014	266.1987
0.6385487528344672	266.1987
0.6414512471655329	266.1987
0.6443537414965986	266.1987
0.6472562358276645	266.1987
0.6501587301587302	266.1987
0.653061224489796	266.1987
0.6559637188208617	266.1987
0.6588662131519275	266.1987
0.6617687074829932	266.1987
0.664671201814059	266.1987
0.6675736961451247	266.1987
0.6704761904761906	266.1987
0.6733786848072563	266.1987
0.6762811791383221	266.1987
0.6791836734693878	266.1987
0.6820861678004536	266.1987
0.6849886621315193	266.1987
0.687891156462585	266.1987
0.6907936507936508	266.1987
0.6936961451247166	266.1987
0.6965986394557824	266.1987
0.6995011337868481	266.1987
0.7024036281179139	266.1987
0.7053061224489796	266.1987
0.7082086167800454	266.1987
0.7111111111111111	266.1987
0.714013605442177	266.1987
0.7169160997732427	266.1987
0.7198185941043085	266.1987
0.7227210884353742	266.1987
0.7256235827664399	266.1987
0.7285260770975057	266.1987
0.7314285714285714	266.1987
0.7343310657596372	266.1987
0.737233560090703	266.1987
0.7401360544217688	266.1987
0.7430385487528345	266.1987
0.7459410430839003	266.1987
0.748843537414966	266.1987
0.7517460317460318	266.1987
0.7546485260770975	266.1987
0.7575510204081634	266.1987
0.7604535147392291	266.1987
0.7633560090702949	266.1987
0.7662585034013606	266.1987
0.7691609977324263	266.1987
0.7720634920634921	266.1987
0.7749659863945578	266.1987
0.7778684807256236	266.1987
0.7807709750566894	266.1987
0.7836734693877552	266.1987
0.7865759637188209	266.1987
0.7894784580498867	266.1987
0.7923809523809524	266.1987
0.7952834467120182	266.1987
0.7981859410430839	266.1987
0.8010884353741498	266.1987
0.8039909297052155	266.1987
0.8068934240362813	266.1987
0.809795918367347	266.1987
0.8126984126984127	266.1987
0.8156009070294785	266.1987
0.8185034013605442	266.1987
0.82140589569161	266.1987
0.8243083900226758	266.1987
0.8272108843537416	266.1987
0.8301133786848073	266.1987
0.8330158730158731	266.1987
0.8359183673469388	266.1987
0.8388208616780046	266.1987
0.8417233560090703	266.1987
0.8446258503401362	266.1987
0.8475283446712019	266.1987
0.8504308390022676	266.1987
0.8533333333333334	266.1987
0.8562358276643991	266.1987
0.8591383219954649	266.1987
0.8620408163265306	266.1987
0.8649433106575964	266.1987
0.8678458049886622	266.1987
0.870748299319728	266.1987
0.8736507936507937	266.1987
0.8765532879818595	266.1987
0.8794557823129252	266.1987
0.882358276643991	266.1987
0.8852607709750567	266.1987
0.8881632653061226	266.1987
0.8910657596371883	266.1987
0.893968253968254	266.1987
0.8968707482993198	266.1987
0.8997732426303855	266.1987
0.9026757369614513	266.1987
0.905578231292517	266.1987
0.9084807256235828	266.1987
0.9113832199546485	266.1987
0.9142857142857144	266.1987
0.9171882086167801	266.1987
0.9200907029478459	266.1987
0.9229931972789116	266.1987
0.9258956916099774	266.1987
0.9287981859410431	266.1987
0.9317006802721088	266.1987
0.9346031746031747	266.1987
0.9375056689342404	266.1987
0.9404081632653062	266.1987
0.9433106575963719	266.1987
0.9462131519274377	266.1987
0.9491156462585034	266.1987
0.9520181405895692	266.1987
0.954920634920635	266.1987
0.9578231292517008	266.1987
0.9607256235827665	266.1987
0.9636281179138323	266.1987
0.966530612244898	266.1987
0.9694331065759638	266.1987
0.9723356009070295	266.1987
0.9752380952380952	266.1987
0.9781405895691611	266.1987
0.9810430839002268	266.1987
0.9839455782312926	266.1987
0.9868480725623583	266.1987
0.9897505668934241	266.1987
0.9926530612244898	266.1987
0.9955555555555556	266.1987
0.9984580498866213	266.1987
1.0013605442176872	266.1987
1.0042630385487528	266.1987
1.0071655328798186	266.1987
1.0100680272108844	266.1987
1.0129705215419502	266.1987
1.0158730158730158	266.1987
1.0187755102040816	266.1987
1.0216780045351475	266.1987
1.0245804988662133	266.1987
1.0274829931972789	266.1987
1.0303854875283447	267.74078
1.0332879818594105	267.74078
1.0361904761904763	267.74078
1.039092970521542	266.1987
1.0419954648526077	267.74078
1.0448979591836736	267.74078
1.0478004535147394	267.74078
1.050702947845805	269.29178
1.0536054421768708	270.85178
1.0565079365079366	270.85178
1.0594104308390022	272.4208
1.062312925170068	272.4208
1.0652154195011339	273.99893
1.0681179138321997	275.58618
1.0710204081632653	275.58618
1.073922902494331	275.58618
1.076825396825397	277.18262
1.0797278911564627	277.18262
1.0826303854875283	277.18262
1.0855328798185941	278.78833
1.08843537414966	278.78833
1.0913378684807258	278.78833
1.0942403628117914	278.78833
1.0971428571428572	278.78833
1.100045351473923	278.78833
1.1029478458049886	280.40335
1.1058503401360544	280.40335
1.1087528344671203	280.40335
1.111655328798186	280.40335
1.1145578231292517	280.40335
1.1174603174603175	280.40335
1.1203628117913833	280.40335
1.1232653061224491	280.40335
1.1261678004535147	280.40335
1.1290702947845805	280.40335
1.1319727891156464	280.40335
1.1348752834467122	280.40335
1.1377777777777778	280.40335
1.1406802721088436	280.40335
1.1435827664399094	280.40335
1.146485260770975	280.40335
1.1493877551020408	280.40335
1.1522902494331067	280.40335
1.1551927437641725	280.40335
1.158095238095238	280.40335
1.1609977324263039	280.40335
1.1639002267573697	280.40335
1.1668027210884355	280.40335
1.1697052154195011	280.40335
1.172607709750567	280.40335
1.1755102040816328	280.40335
1.1784126984126986	280.40335
1.1813151927437642	280.40335
1.18421768707483	280.40335
1.1871201814058958	280.40335
1.1900226757369614	280.40335
1.1929251700680272	280.40335
1.195827664399093	280.40335
1.1987301587301589	280.40335
1.2016326530612245	280.40335
1.2045351473922903	280.40335
1.207437641723356	280.40335
1.210340136054422	282.0277
1.2132426303854875	282.0277
1.2161451247165533	282.0277
1.2190476190476192	282.0277
1.2219501133786848	282.0277
1.2248526077097506	282.0277
1.2277551020408164	282.0277
1.2306575963718822	282.0277
1.2335600907029478	282.0277
1.2364625850340136	282.0277
1.2393650793650794	282.0277
1.2422675736961453	282.0277
1.2451700680272109	282.0277
1.2480725623582767	282.0277
1.2509750566893425	282.0277
1.2538775510204083	282.0277
1.256780045351474	282.0277
1.2596825396825397	282.0277
1.2625850340136056	282.0277
1.2654875283446712	282.0277
1.268390022675737	282.0277
1.2712925170068028	282.0277
1.2741950113378686	282.0277
1.2770975056689342	282.0277
1.28	282.0277
1.2829024943310658	282.0277
1.2858049886621317	282.0277
1.2887074829931973	282.0277
1.291609977324263	282.0277
1.294512471655329	282.0277
1.2974149659863947	282.0277
1.3003174603174603	282.0277
1.3032199546485261	282.0277
1.306122448979592	282.0277
1.3090249433106576	282.0277
1.3119274376417234	282.0277
1.3148299319727892	282.0277
1.317732426303855	282.0277
1.3206349206349206	282.0277
1.3235374149659864	282.0277
1.3264399092970522	282.0277
1.329342403628118	282.0277
1.3322448979591837	282.0277
1.3351473922902495	282.0277
1.3380498866213153	282.0277
1.3409523809523811	282.0277
1.3438548752834467	282.0277
1.3467573696145125	282.0277
1.3496598639455784	282.0277
1.352562358276644	282.0277
1.3554648526077098	282.0277
1.3583673469387756	282.0277
1.3612698412698414	282.0277
1.364172335600907	282.0277
1.3670748299319728	282.0277
1.3699773242630386	282.0277
1.3728798185941045	282.0277
1.37578231292517	282.0277
1.3786848072562359	282.0277
1.3815873015873017	282.0277
1.3844897959183675	282.0277
1.3873922902494331	282.0277
1.390294784580499	282.0277
1.3931972789115648	282.0277
1.3960997732426303	282.0277
1.3990022675736962	282.0277
1.401904761904762	282.0277
1.4048072562358278	282.0277
1.4077097505668934	282.0277
1.4106122448979592	282.0277
1.413514739229025	282.0277
1.4164172335600909	282.0277
1.4193197278911565	282.0277
1.4222222222222223	282.0277
1.425124716553288	282.0277
1.4280272108843537	282.0277
1.4309297052154195	282.0277
1.4338321995464853	282.0277
1.4367346938775512	282.0277
1.4396371882086167	282.0277
1.4425396825396826	282.0277
1.4454421768707484	282.0277
1.4483446712018142	282.0277
1.4512471655328798	282.0277
1.4541496598639456	282.0277
1.4570521541950114	282.0277
1.4599546485260773	282.0277
1.4628571428571429	282.0277
1.4657596371882087	282.0277
1.4686621315192745	282.0277
1.47156462585034	280.40335
1.474467120181406	282.0277
1.4773696145124717	282.0277
1.4802721088435375	282.0277
1.4831746031746031	282.0277
1.486077097505669	282.0277
1.4889795918367348	282.0277
1.4918820861678006	282.0277
1.4947845804988662	282.0277
1.497687074829932	282.0277
1.5005895691609978	282.0277
1.5034920634920637	282.0277
1.5063945578231293	282.0277
1.509297052154195	282.0277
1.512199546485261	283.66147
1.5151020408163265	283.66147
1.5180045351473923	285.3047
1.5209070294784581	286.95746
1.523809523809524	290.29175
1.5267120181405895	290.29175
1.5296145124716554	291.9734
1.5325170068027212	291.9734
1.535419501133787	293.66476
1.5383219954648526	293.66476
1.5412244897959184	293.66476
1.5441269841269842	293.66476
1.54702947845805	293.66476
1.5499319727891157	295.36594
1.5528344671201815	295.36594
1.5557369614512473	295.36594
1.5586394557823129	295.36594
1.5615419501133787	295.36594
1.5644444444444445	295.36594
1.5673469387755103	295.36594
1.570249433106576	295.36594
1.5731519274376418	297.077
1.5760544217687076	297.077
1.5789569160997734	297.077
1.581859410430839	297.077
1.5847619047619048	297.077
1.5876643990929706	297.077
1.5905668934240365	297.077
1.593469387755102	297.077
1.5963718820861679	297.077
1.5992743764172337	297.077
1.6021768707482993	297.077
1.605079365079365	297.077
1.607981859410431	297.077
1.6108843537414967	297.077
1.6137868480725623	297.077
1.6166893424036282	297.077
1.619591836734694	297.077
1.6224943310657598	297.077
1.6253968253968254	297.077
1.6282993197278912	297.077
1.631201814058957	297.077
1.6341043083900226	297.077
1.6370068027210884	297.077
1.6399092970521543	297.077
1.64281179138322	297.077
1.6457142857142857	297.077
1.6486167800453515	297.077
1.6515192743764173	297.077
1.6544217687074831	297.077
1.6573242630385487	297.077
1.6602267573696146	297.077
1.6631292517006804	297.077
1.6660317460317462	297.077
1.6689342403628118	297.077
1.6718367346938776	297.077
1.6747392290249434	297.077
1.677641723356009	297.077
1.6805442176870748	297.077
1.6834467120181407	297.077
1.6863492063492065	297.077
1.689251700680272	297.077
1.692154195011338	297.077
1.6950566893424037	297.077
1.6979591836734695	297.077
1.7008616780045351	297.077
1.703764172335601	297.077
1.7066666666666668	297.077
1.7095691609977326	298.79794
1.7124716553287982	298.79794
1.715374149659864	298.79794
1.7182766439909298	298.79794
1.7211791383219954	298.79794
1.7240816326530612	298.79794
1.726984126984127	298.79794
1.7298866213151929	298.79794
1.7327891156462585	298.79794
1.7356916099773243	298.79794
1.7385941043083901	298.79794
1.741496598639456	298.79794
1.7443990929705215	298.79794
1.7473015873015874	298.79794
1.7502040816326532	298.79794
1.753106575963719	298.79794
1.7560090702947846	298.79794
1.7589115646258504	298.79794
1.7618140589569162	298.79794
1.7647165532879818	298.79794
1.7676190476190476	298.79794
1.7705215419501135	298.79794
1.7734240362811793	298.79794
1.7763265306122449	298.79794
1.7792290249433107	298.79794
1.7821315192743765	298.79794
1.7850340136054423	298.79794
1.787936507936508	298.79794
1.7908390022675738	298.79794
1.7937414965986396	298.79794
1.7966439909297054	298.79794
1.799546485260771	298.79794
1.8024489795918368	298.79794
1.8053514739229026	298.79794
1.8082539682539682	298.79794
1.811156462585034	298.79794
1.8140589569160999	298.79794
1.8169614512471657	298.79794
1.8198639455782313	298.79794
1.822766439909297	298.79794
1.825668934240363	298.79794
1.8285714285714287	298.79794
1.8314739229024943	298.79794
1.8343764172335602	298.79794
1.837278911564626	298.79794
1.8401814058956916	298.79794
1.8430839002267574	298.79794
1.8459863945578232	298.79794
1.848888888888889	298.79794
1.8517913832199546	298.79794
1.8546938775510204	298.79794
1.8575963718820863	298.79794
1.860498866213152	298.79794
1.8634013605442177	298.79794
1.8663038548752835	298.79794
1.8692063492063493	298.79794
1.8721088435374151	298.79794
1.8750113378684807	298.79794
1.8779138321995466	298.79794
1.8808163265306124	298.79794
1.883718820861678	298.79794
1.8866213151927438	298.79794
1.8895238095238096	298.79794
1.8924263038548754	298.79794
1.895328798185941	298.79794
1.8982312925170068	298.79794
1.9011337868480727	298.79794
1.9040362811791385	298.79794
1.906938775510204	298.79794
1.90984126984127	298.79794
1.9127437641723357	297.077
1.9156462585034015	297.077
1.9185487528344671	298.79794
1.921451247165533	298.79794
1.9243537414965988	298.79794
1.9272562358276644	298.79794
1.9301587301587302	298.79794
1.933061224489796	298.79794
1.9359637188208618	298.79794
1.9388662131519274	298.79794
1.9417687074829932	298.79794
1.944671201814059	298.79794
1.9475736961451249	298.79794
1.9504761904761905	298.79794
1.9533786848072563	298.79794
1.9562811791383221	298.79794
1.959183673469388	298.79794
1.9620861678004535	300.52887
1.9649886621315193	300.52887
1.9678911564625852	302.2698
1.9707936507936508	302.2698
1.9736961451247166	304.02084
1.9765986394557824	307.55338
1.9795011337868482	311.12698
1.9824036281179138	311.12698
1.9853061224489796	312.92932
1.9882086167800455	312.92932
1.9911111111111113	312.92932
1.9940136054421769	312.92932
1.9969160997732427	312.92932
1.9998185941043085	312.92932
2.0027210884353743	314.7421
2.00562358276644	314.7421
2.0085260770975055	314.7421
2.0114285714285716	312.92932
2.014331065759637	312.92932
2.0172335600907028	314.7421
2.020136054421769	314.7421
2.0230385487528344	314.7421
2.0259410430839004	314.7421
2.028843537414966	314.7421
2.0317460317460316	314.7421
2.0346485260770977	314.7421
2.0375510204081633	314.7421
2.0404535147392293	314.7421
2.043356009070295	314.7421
2.0462585034013605	314.7421
2.0491609977324265	314.7421
2.052063492063492	314.7421
2.0549659863945577	314.7421
2.057868480725624	314.7421
2.0607709750566894	314.7421
2.063673469387755	314.7421
2.066575963718821	314.7421
2.0694784580498866	314.7421
2.0723809523809527	314.7421
2.0752834467120183	314.7421
2.078185941043084	314.7421
2.08108843537415	314.7421
2.0839909297052155	314.7421
2.086893424036281	314.7421
2.089795918367347	314.7421
2.0926984126984127	314.7421
2.0956009070294783	314.7421
2.0985034013605444	314.7421
2.10140589569161	314.7421
2.104308390022676	314.7421
2.1072108843537416	314.7421
2.110113378684807	314.7421
2.1130158730158732	314.7421
2.115918367346939	314.7421
2.1188208616780044	314.7421
2.1217233560090705	314.7421
2.124625850340136	314.7421
2.127528344671202	314.7421
2.1304308390022677	314.7421
2.1333333333333333	314.7421
2.1362358276643993	314.7421
2.139138321995465	314.7421
2.1420408163265305	314.7421
2.1449433106575966	314.7421
2.147845804988662	314.7421
2.1507482993197278	314.7421
2.153650793650794	314.7421
2.1565532879818594	314.7421
2.1594557823129255	314.7421
2.162358276643991	314.7421
2.1652607709750566	314.7421
2.1681632653061227	314.7421
2.1710657596371883	314.7421
2.173968253968254	314.7421
2.17687074829932	314.7421
2.1797732426303855	314.7421
2.182675736961451	314.7421
2.185578231292517	314.7421
2.1884807256235828	314.7421
2.191383219954649	314.7421
2.1942857142857144	314.7421
2.19718820861678	314.7421
2.200090702947846	314.7421
2.2029931972789116	314.7421
2.2058956916099772	314.7421
2.2087981859410433	314.7421
2.211700680272109	314.7421
2.2146031746031745	314.7421
2.2175056689342405	314.7421
2.220408163265306	314.7421
2.223310657596372	314.7421
2.2262131519274377	314.7421
2.2291156462585033	314.7421
2.2320181405895694	314.7421
2.234920634920635	314.7421
2.2378231292517006	314.7421
2.2407256235827666	314.7421
2.243628117913832	314.7421
2.2465306122448983	314.7421
2.249433106575964	314.7421
2.2523356009070294	314.7421
2.2552380952380955	314.7421
2.258140589569161	314.7421
2.2610430839002267	314.7421
2.2639455782312927	314.7421
2.2668480725623583	314.7421
2.269750566893424	314.7421
2.27265306122449	314.7421
2.2755555555555556	314.7421
2.2784580498866216	314.7421
2.281360544217687	314.7421
2.284263038548753	314.7421
2.287165532879819	314.7421
2.2900680272108844	314.7421
2.29297052154195	314.7421
2.295873015873016	314.7421
2.2987755102040817	314.7421
2.3016780045351473	314.7421
2.3045804988662133	314.7421
2.307482993197279	314.7421
2.310385487528345	314.7421
2.3132879818594105	314.7421
2.316190476190476	314.7421
2.319092970521542	314.7421
2.3219954648526078	314.7421
2.3248979591836734	314.7421
2.3278004535147394	314.7421
2.330702947845805	314.7421
2.333605442176871	314.7421
2.3365079365079366	314.7421
2.3394104308390022	314.7421
2.3423129251700683	314.7421
2.345215419501134	314.7421
2.3481179138321995	314.7421
2.3510204081632655	314.7421
2.353922902494331	314.7421
2.3568253968253967	314.7421
2.3597278911564628	314.7421
2.3626303854875284	314.7421
2.3655328798185944	314.7421
2.36843537414966	316.5654
2.3713378684807256	316.5654
2.3742403628117916	316.5654
2.3771428571428572	316.5654
2.380045351473923	316.5654
2.382947845804989	316.5654
2.3858503401360545	316.5654
2.38875283446712	316.5654
2.391655328798186	316.5654
2.3945578231292517	316.5654
2.3974603174603177	316.5654
2.4003628117913833	316.5654
2.403265306122449	316.5654
2.406167800453515	316.5654
2.4090702947845806	318.39923
2.411972789115646	318.39923
2.414875283446712	320.2437
2.417777777777778	322.09885
2.4206802721088434	323.96475
2.4235827664399094	325.84146
2.426485260770975	325.84146
2.429387755102041	327.72903
2.4322902494331067	327.72903
2.4351927437641723	327.72903
2.4380952380952383	329.62756
2.440997732426304	329.62756
2.4439002267573695	329.62756
2.4468027210884356	329.62756
2.449705215419501	331.53708
2.452607709750567	331.53708
2.455510204081633	331.53708
2.4584126984126984	331.53708
2.4613151927437644	331.53708
2.46421768707483	331.53708
2.4671201814058956	331.53708
2.4700226757369617	331.53708
2.4729251700680273	331.53708
2.475827664399093	333.45764
2.478730158730159	333.45764
2.4816326530612245	333.45764
2.4845351473922905	331.53708
2.487437641723356	331.53708
2.4903401360544217	333.45764
2.4932426303854878	333.45764
2.4961451247165534	333.45764
2.499047619047619	333.45764
2.501950113378685	333.45764
2.5048526077097506	333.45764
2.507755102040816	333.45764
2.5106575963718822	333.45764
2.513560090702948	333.45764
2.516462585034014	333.45764
2.5193650793650795	333.45764
2.522267573696145	333.45764
2.525170068027211	333.45764
2.5280725623582767	333.45764
2.5309750566893423	333.45764
2.5338775510204083	333.45764
2.536780045351474	333.45764
2.53968253968254	333.45764
2.5425850340136056	333.45764
2.545487528344671	333.45764
2.548390022675737	333.45764
2.551292517006803	333.45764
2.5541950113378684	333.45764
2.5570975056689345	333.45764
2.56	333.45764
2.5629024943310657	333.45764
2.5658049886621317	333.45764
2.5687074829931973	333.45764
2.5716099773242633	333.45764
2.574512471655329	333.45764
2.5774149659863945	333.45764
2.5803174603174606	333.45764
2.583219954648526	333.45764
2.5861224489795918	333.45764
2.589024943310658	333.45764
2.5919274376417234	333.45764
2.594829931972789	333.45764
2.597732426303855	333.45764
2.6006349206349206	333.45764
2.6035374149659867	333.45764
2.6064399092970523	333.45764
2.609342403628118	333.45764
2.612244897959184	333.45764
2.6151473922902495	333.45764
2.618049886621315	333.45764
2.620952380952381	333.45764
2.6238548752834467	333.45764
2.6267573696145123	333.45764
2.6296598639455784	333.45764
2.632562358276644	333.45764
2.63546485260771	333.45764
2.6383673469387756	333.45764
2.641269841269841	333.45764
2.6441723356009073	333.45764
2.647074829931973	333.45764
2.6499773242630384	333.45764
2.6528798185941045	333.45764
2.65578231292517	333.45764
2.658684807256236	333.45764
2.6615873015873017	333.45764
2.6644897959183673	333.45764
2.6673922902494334	333.45764
2.670294784580499	333.45764
2.6731972789115646	333.45764
2.6760997732426306	333.45764
2.679002267573696	333.45764
2.681904761904762	333.45764
2.684807256235828	333.45764
2.6877097505668934	333.45764
2.6906122448979595	333.45764
2.693514739229025	333.45764
2.6964172335600907	333.45764
2.6993197278911567	333.45764
2.7022222222222223	333.45764
2.705124716553288	333.45764
2.708027210884354	333.45764
2.7109297052154195	333.45764
2.713832199546485	333.45764
2.716734693877551	333.45764
2.7196371882086168	333.45764
2.722539682539683	333.45764
2.7254421768707484	333.45764
2.728344671201814	333.45764
2.73124716553288	333.45764
2.7341496598639456	333.45764
2.7370521541950112	333.45764
2.7399546485260773	333.45764
2.742857142857143	333.45764
2.745759637188209	333.45764
2.7486621315192745	333.45764
2.75156462585034	333.45764
2.754467120181406	333.45764
2.7573696145124718	333.45764
2.7602721088435374	333.45764
2.7631746031746034	333.45764
2.766077097505669	333.45764
2.7689795918367346	333.45764
2.7718820861678006	333.45764
2.7747845804988662	333.45764
2.7776870748299323	333.45764
2.780589569160998	333.45764
2.7834920634920635	333.45764
2.7863945578231295	333.45764
2.789297052154195	333.45764
2.7921995464852607	333.45764
2.7951020408163267	333.45764
2.7980045351473923	333.45764
2.800907029478458	333.45764
2.803809523809524	333.45764
2.8067120181405896	333.45764
2.8096145124716556	333.45764
2.812517006802721	335.38934
2.815419501133787	335.38934
2.818321995464853	335.38934
2.8212244897959184	337.33224
2.824126984126984	337.33224
2.82702947845805	339.28638
2.8299319727891157	341.25186
2.8328344671201813	343.2287
2.8357369614512473	345.217
2.838639455782313	347.21683
2.841541950113379	347.21683
2.8444444444444446	347.21683
2.84734693877551	349.22824
2.850249433106576	349.22824
2.853151927437642	349.22824
2.8560544217687074	349.22824
2.8589569160997734	349.22824
2.861859410430839	351.25128
2.864761904761905	351.25128
2.8676643990929707	351.25128
2.8705668934240363	351.25128
2.8734693877551023	351.25128
2.876371882086168	351.25128
2.8792743764172335	351.25128
2.8821768707482995	351.25128
2.885079365079365	351.25128
2.8879818594104307	351.25128
2.8908843537414968	351.25128
2.8937868480725624	351.25128
2.8966893424036284	351.25128
2.899591836734694	351.25128
2.9024943310657596	351.25128
2.9053968253968256	351.25128
2.9082993197278912	351.25128
2.911201814058957	353.28607
2.914104308390023	353.28607
2.9170068027210885	353.28607
2.919909297052154	353.28607
2.92281179138322	353.28607
2.9257142857142857	353.28607
2.9286167800453518	353.28607
2.9315192743764173	353.28607
2.934421768707483	353.28607
2.937324263038549	353.28607
2.9402267573696146	353.28607
2.94312925170068	353.28607
2.9460317460317462	353.28607
2.948934240362812	353.28607
2.951836734693878	353.28607
2.9547392290249435	353.28607
2.957641723356009	353.28607
2.960544217687075	353.28607
2.9634467120181407	353.28607
2.9663492063492063	353.28607
2.9692517006802723	-220
2.972154195011338	-220
2.9750566893424035	-220
2.9779591836734696	-220
2.980861678004535	-220
2.983764172335601	-220
2.986666666666667	-220
2.9895691609977324	-220
2.9924716553287984	-220
2.995374149659864	-220
2.9982766439909296	-220
3.0011791383219957	-220
3.0040816326530613	-220
3.006984126984127	-220
3.009886621315193	-220
3.0127891156462585	-220
3.0156916099773245	-220
3.01859410430839	-220
3.0214965986394557	-220
3.024399092970522	-220
3.0273015873015874	-220
3.030204081632653	-220
3.033106575963719	-220
3.0360090702947846	-220
3.03891156462585	-220
3.0418140589569163	-220
3.044716553287982	-220
3.047619047619048	-220
3.0505215419501135	-220
3.053424036281179	-220
3.056326530612245	-220
3.0592290249433107	-220
3.0621315192743763	-220
3.0650340136054424	-220
3.067936507936508	-220
3.070839002267574	-220
3.0737414965986396	-220
3.076643990929705	-220
3.0795464852607712	-220
3.082448979591837	-220
3.0853514739229024	-220
3.0882539682539685	-220
3.091156462585034	-220
3.0940589569160997	-220
3.0969614512471657	-220
3.0998639455782313	-220
3.1027664399092973	-220
3.105668934240363	-220
3.1085714285714285	-220
3.1114739229024946	-220
3.11437641723356	-220
3.1172789115646258	-220
3.120181405895692	-220
3.1230839002267574	-220
3.125986394557823	-220
3.128888888888889	-220
3.1317913832199546	-220
3.1346938775510207	-220
3.1375963718820863	-220
3.140498866213152	-220
3.143401360544218	-220
3.1463038548752835	-220
3.149206349206349	-220
3.152108843537415	-220
3.1550113378684808	-220
3.157913832199547	-220
3.1608163265306124	-220
3.163718820861678	353.28607
3.166621315192744	353.28607
3.1695238095238096	353.28607
3.1724263038548752	353.28607
3.1753287981859413	353.28607
3.178231292517007	353.28607
3.1811337868480725	353.28607
3.1840362811791385	353.28607
3.186938775510204	353.28607
3.18984126984127	353.28607
3.1927437641723357	353.28607
3.1956462585034013	353.28607
3.1985487528344674	353.28607
3.201451247165533	353.28607
3.2043537414965986	353.28607
3.2072562358276646	353.28607
3.21015873015873	353.28607
3.213061224489796	355.33264
3.215963718820862	355.33264
3.2188662131519274	353.28607
3.2217687074829935	355.33264
3.224671201814059	355.33264
3.2275736961451247	355.33264
3.2304761904761907	355.33264
3.2333786848072563	355.33264
3.236281179138322	355.33264
3.239183673469388	357.39105
3.2420861678004536	367.8634
3.244988662131519	367.8634
3.247891156462585	369.99442
3.250793650793651	369.99442
3.253696145124717	369.99442
3.2565986394557824	369.99442
3.259501133786848	369.99442
3.262403628117914	372.1378
3.2653061224489797	372.1378
3.2682086167800453	372.1378
3.2711111111111113	372.1378
3.274013605442177	372.1378
3.276916099773243	372.1378
3.2798185941043085	372.1378
3.282721088435374	372.1378
3.28562358276644	372.1378
3.2885260770975058	372.1378
3.2914285714285714	372.1378
3.2943310657596374	372.1378
3.297233560090703	372.1378
3.3001360544217686	374.29355
3.3030385487528346	374.29355
3.3059410430839002	374.29355
3.3088435374149663	374.29355
3.311746031746032	374.29355
3.3146485260770975	374.29355
3.3175510204081635	374.29355
3.320453514739229	374.29355
3.3233560090702947	374.29355
3.3262585034013608	374.29355
3.3291609977324264	374.29355
3.332063492063492	374.29355
3.334965986394558	374.29355
3.3378684807256236	374.29355
3.3407709750566896	374.29355
3.3436734693877552	374.29355
3.346575963718821	374.29355
3.349478458049887	374.29355
3.3523809523809525	374.29355
3.355283446712018	374.29355
3.358185941043084	374.29355
3.3610884353741497	374.29355
3.3639909297052157	374.29355
3.3668934240362813	374.29355
3.369795918367347	374.29355
3.372698412698413	374.29355
3.3756009070294786	374.29355
3.378503401360544	374.29355
3.38140589569161	374.29355
3.384308390022676	374.29355
3.3872108843537414	374.29355
3.3901133786848074	374.29355
3.393015873015873	374.29355
3.395918367346939	374.29355
3.3988208616780047	374.29355
3.4017233560090703	374.29355
3.4046258503401363	374.29355
3.407528344671202	374.29355
3.4104308390022675	374.29355
3.4133333333333336	374.29355
3.416235827664399	374.29355
3.4191383219954647	374.29355
3.422040816326531	374.29355
3.4249433106575964	374.29355
3.4278458049886624	374.29355
3.430748299319728	374.29355
3.4336507936507936	374.29355
3.4365532879818597	374.29355
3.4394557823129253	374.29355
3.442358276643991	374.29355
3.445260770975057	374.29355
3.4481632653061225	374.29355
3.451065759637188	374.29355
3.453968253968254	374.29355
3.4568707482993197	374.29355
3.4597732426303858	374.29355
3.4626757369614514	374.29355
3.465578231292517	374.29355
3.468480725623583	374.29355
3.4713832199546486	374.29355
3.474285714285714	374.29355
3.4771882086167802	374.29355
3.480090702947846	374.29355
3.482993197278912	374.29355
3.4858956916099775	374.29355
3.488798185941043	374.29355
3.491700680272109	374.29355
3.4946031746031747	374.29355
3.4975056689342403	374.29355
3.5004081632653063	374.29355
3.503310657596372	374.29355
3.5062131519274375	374.29355
3.5091156462585036	374.29355
3.512018140589569	374.29355
3.5149206349206352	374.29355
3.517823129251701	374.29355
3.5207256235827664	374.29355
3.5236281179138325	374.29355
3.526530612244898	374.29355
3.5294331065759637	374.29355
3.5323356009070297	374.29355
3.5352380952380953	374.29355
3.538140589569161	374.29355
3.541043083900227	374.29355
3.5439455782312925	374.29355
3.5468480725623586	374.29355
3.549750566893424	374.29355
3.5526530612244898	374.29355
3.555555555555556	374.29355
3.5584580498866214	374.29355
3.561360544217687	374.29355
3.564263038548753	374.29355
3.5671655328798186	374.29355
3.5700680272108847	374.29355
3.5729705215419503	374.29355
3.575873015873016	374.29355
3.578775510204082	374.29355
3.5816780045351475	374.29355
3.584580498866213	374.29355
3.587482993197279	374.29355
3.5903854875283447	374.29355
3.5932879818594103	374.29355
3.5961904761904764	374.29355
3.599092970521542	374.29355
3.601995464852608	374.29355
3.6048979591836736	374.29355
3.607800453514739	374.29355
3.6107029478458053	374.29355
3.613605442176871	374.29355
3.6165079365079364	374.29355
3.6194104308390025	374.29355
3.622312925170068	374.29355
3.6252154195011337	374.29355
3.6281179138321997	374.29355
3.6310204081632653	374.29355
3.6339229024943314	374.29355
3.636825396825397	374.29355
3.6397278911564626	376.46182
3.6426303854875286	376.46182
3.645532879818594	376.46182
3.64843537414966	376.46182
3.651337868480726	376.46182
3.6542403628117914	376.46182
3.657142857142857	376.46182
3.660045351473923	376.46182
3.6629478458049887	376.46182
3.6658503401360547	376.46182
3.6687528344671203	376.46182
3.671655328798186	376.46182
3.674557823129252	376.46182
3.6774603174603175	378.64264
3.680362811791383	378.64264
3.683265306122449	383.04224
3.6861678004535148	387.49298
3.689070294784581	389.7377
3.6919727891156464	391.99542
3.694875283446712	391.99542
3.697777777777778	391.99542
3.7006802721088436	394.26624
3.7035827664399092	394.26624
3.7064852607709753	394.26624
3.709387755102041	394.26624
3.7122902494331065	396.5502
3.7151927437641725	396.5502
3.718095238095238	396.5502
3.720997732426304	396.5502
3.7239002267573698	396.5502
3.7268027210884354	396.5502
3.7297052154195014	396.5502
3.732607709750567	396.5502
3.7355102040816326	396.5502
3.7384126984126986	396.5502
3.7413151927437642	396.5502
3.74421768707483	396.5502
3.747120181405896	396.5502
3.7500226757369615	396.5502
3.7529251700680275	396.5502
3.755827664399093	396.5502
3.7587301587301587	396.5502
3.7616326530612247	396.5502
3.7645351473922903	396.5502
3.767437641723356	398.84738
3.770340136054422	396.5502
3.7732426303854876	396.5502
3.7761451247165536	398.84738
3.779047619047619	398.84738
3.781950113378685	398.84738
3.784852607709751	398.84738
3.7877551020408164	398.84738
3.790657596371882	398.84738
3.793560090702948	398.84738
3.7964625850340137	398.84738
3.7993650793650793	398.84738
3.8022675736961453	398.84738
3.805170068027211	398.84738
3.808072562358277	398.84738
3.8109750566893426	398.84738
3.813877551020408	398.84738
3.816780045351474	398.84738
3.81968253968254	398.84738
3.8225850340136054	398.84738
3.8254875283446714	398.84738
3.828390022675737	398.84738
3.8312925170068026	398.84738
3.8341950113378687	398.84738
3.8370975056689343	398.84738
3.8400000000000003	398.84738
3.842902494331066	398.84738
3.8458049886621315	398.84738
3.8487074829931975	398.84738
3.851609977324263	398.84738
3.8545124716553287	398.84738
3.8574149659863948	398.84738
3.8603174603174604	398.84738
3.863219954648526	398.84738
3.866122448979592	398.84738
3.8690249433106576	398.84738
3.8719274376417236	398.84738
3.8748299319727892	398.84738
3.877732426303855	398.84738
3.880634920634921	398.84738
3.8835374149659865	398.84738
3.886439909297052	398.84738
3.889342403628118	398.84738
3.8922448979591837	398.84738
3.8951473922902498	398.84738
3.8980498866213154	398.84738
3.900952380952381	398.84738
3.903854875283447	398.84738
3.9067573696145126	398.84738
3.909659863945578	398.84738
3.9125623582766442	398.84738
3.91546485260771	398.84738
3.9183673469387754	398.84738
3.9212698412698415	398.84738
3.924172335600907	398.84738
3.927074829931973	398.84738
3.9299773242630387	398.84738
3.9328798185941043	398.84738
3.9357823129251703	398.84738
3.938684807256236	398.84738
3.9415873015873015	398.84738
3.9444897959183676	398.84738
3.947392290249433	398.84738
3.9502947845804988	398.84738
3.953197278911565	398.84738
3.9560997732426304	398.84738
3.9590022675736964	398.84738
3.961904761904762	398.84738
3.9648072562358276	398.84738
3.9677097505668937	398.84738
3.9706122448979593	398.84738
3.973514739229025	398.84738
3.976417233560091	398.84738
3.9793197278911565	398.84738
3.9822222222222226	398.84738
3.985124716553288	398.84738
3.9880272108843537	398.84738
3.99092970521542	398.84738
3.9938321995464854	398.84738
3.996734693877551	398.84738
3.999637188208617	398.84738
4.002539682539682	398.84738
4.005442176870748	398.84738
4.008344671201814	398.84738
4.01124716553288	398.84738
4.0141496598639455	398.84738
4.017052154195011	398.84738
4.019954648526077	398.84738
4.022857142857143	398.84738
4.025759637188209	398.84738
4.028662131519274	398.84738
4.03156462585034	398.84738
4.0344671201814055	398.84738
4.037369614512471	398.84738
4.040272108843537	398.84738
4.043174603174603	398.84738
4.046077097505669	398.84738
4.048979591836734	398.84738
4.0518820861678	398.84738
4.054784580498866	398.84738
4.057687074829932	398.84738
4.060589569160998	398.84738
4.063492063492063	398.84738
4.066394557823129	398.84738
4.0692970521541945	398.84738
4.07219954648526	398.84738
4.0751020408163265	398.84738
4.078004535147392	398.84738
4.080907029478458	398.84738
4.083809523809523	398.84738
4.086712018140589	398.84738
4.089614512471655	398.84738
4.092517006802721	398.84738
4.095419501133787	398.84738
4.098321995464852	398.84738
4.101224489795918	398.84738
4.104126984126983	401.1579
4.10702947845805	401.1579
4.1099319727891155	401.1579
4.112834467120181	403.48178
4.115736961451247	408.17
4.118639455782312	410.53452
4.121541950113379	415.3047
4.124444444444444	417.71054
4.12734693877551	417.71054
4.1302494331065756	420.1303
4.133151927437641	420.1303
4.136054421768707	420.1303
4.138956916099773	420.1303
4.141859410430839	420.1303
4.144761904761904	420.1303
4.14766439909297	420.1303
4.150566893424036	420.1303
4.153469387755102	420.1303
4.156371882086168	420.1303
4.159274376417233	420.1303
4.162176870748299	420.1303
4.1650793650793645	420.1303
4.16798185941043	420.1303
4.170884353741497	420.1303
4.173786848072562	420.1303
4.176689342403628	420.1303
4.179591836734693	420.1303
4.182494331065759	420.1303
4.1853968253968254	420.1303
4.188299319727891	420.1303
4.191201814058957	420.1303
4.194104308390022	420.1303
4.197006802721088	420.1303
4.199909297052153	420.1303
4.20281179138322	420.1303
4.2057142857142855	420.1303
4.208616780045351	420.1303
4.211519274376417	420.1303
4.214421768707482	420.1303
4.217324263038549	420.1303
4.220226757369614	420.1303
4.22312925170068	420.1303
4.226031746031746	420.1303
4.228934240362811	420.1303
4.231836734693878	420.1303
4.234739229024943	420.1303
4.237641723356009	420.1303
4.2405442176870745	420.1303
4.24344671201814	420.1303
4.246349206349206	420.1303
4.249251700680272	420.1303
4.252154195011338	420.1303
4.255056689342403	420.1303
4.257959183673469	420.1303
4.2608616780045345	420.1303
4.263764172335601	420.1303
4.266666666666667	420.1303
4.269569160997732	420.1303
4.272471655328798	420.1303
4.275374149659863	420.1303
4.278276643990929	420.1303
4.2811791383219955	420.1303
4.284081632653061	420.1303
4.286984126984127	420.1303
4.289886621315192	420.1303
4.292789115646258	420.1303
4.295691609977324	420.1303
4.29859410430839	420.1303
4.3014965986394555	420.1303
4.304399092970521	420.1303
4.307301587301587	420.1303
4.310204081632652	420.1303
4.313106575963719	420.1303
4.316009070294784	420.1303
4.31891156462585	420.1303
4.321814058956916	420.1303
4.324716553287981	420.1303
4.327619047619048	420.1303
4.330521541950113	420.1303
4.333424036281179	420.1303
4.3363265306122445	420.1303
4.33922902494331	420.1303
4.342131519274376	420.1303
4.345034013605442	420.1303
4.347936507936508	420.1303
4.350839002267573	420.1303
4.353741496598639	420.1303
4.356643990929705	420.1303
4.359546485260771	420.1303
4.362448979591837	420.1303
4.365351473922902	420.1303
4.368253968253968	420.1303
4.371156462585033	420.1303
4.374058956916099	420.1303
4.3769614512471655	420.1303
4.379863945578231	420.1303
4.382766439909297	420.1303
4.385668934240362	420.1303
4.388571428571428	420.1303
4.391473922902494	420.1303
4.39437641723356	420.1303
4.397278911564626	420.1303
4.400181405895691	420.1303
4.403083900226757	420.1303
4.405986394557822	420.1303
4.408888888888889	420.1303
4.4117913832199545	420.1303
4.41469387755102	420.1303
4.417596371882086	420.1303
4.420498866213151	420.1303
4.423401360544218	420.1303
4.426303854875283	420.1303
4.429206349206349	420.1303
4.4321088435374145	420.1303
4.43501133786848	420.1303
4.437913832199547	420.1303
4.440816326530612	420.1303
4.443718820861678	420.1303
4.446621315192743	420.1303
4.449523809523809	420.1303
4.452426303854875	420.1303
4.455328798185941	420.1303
4.458231292517007	420.1303
4.461133786848072	422.5641
4.464036281179138	422.5641
4.4669387755102035	422.5641
4.46984126984127	422.5641
4.4727437641723355	422.5641
4.475646258503401	420.1303
4.478548752834467	422.5641
4.481451247165532	422.5641
4.484353741496598	422.5641
4.487256235827664	422.5641
4.49015873015873	425.012
4.493061224489796	422.5641
4.495963718820861	422.5641
4.498866213151927	422.5641
4.501768707482993	422.5641
4.504671201814059	422.5641
4.5075736961451245	422.5641
4.51047619047619	422.5641
4.513378684807256	422.5641
4.516281179138321	425.012
4.519183673469388	425.012
4.522086167800453	427.47406
4.524988662131519	427.47406
4.5278911564625846	429.95038
4.53079365079365	432.44107
4.533696145124717	434.94617
4.536598639455782	437.4658
4.539501133786848	437.4658
4.542403628117913	437.4658
4.545306122448979	440.0
4.548208616780045	440.0
4.551111111111111	440.0
4.554013605442177	442.5489
4.556916099773242	442.5489
4.559818594104308	442.5489
4.5627210884353735	442.5489
4.56562358276644	442.5489
4.568526077097506	442.5489
4.571428571428571	442.5489
4.574331065759637	445.11255
4.577233560090702	445.11255
4.580136054421768	445.11255
4.5830385487528345	445.11255
4.5859410430839	445.11255
4.588843537414966	445.11255
4.591746031746031	445.11255
4.594648526077097	445.11255
4.597551020408163	445.11255
4.600453514739229	445.11255
4.6033560090702945	445.11255
4.60625850340136	445.11255
4.609160997732426	445.11255
4.612063492063491	445.11255
4.614965986394558	445.11255
4.617868480725623	445.11255
4.620770975056689	445.11255
4.623673469387755	445.11255
4.62657596371882	445.11255
4.629478458049887	445.11255
4.632380952380952	445.11255
4.635283446712018	445.11255
4.6381859410430835	445.11255
4.641088435374149	445.11255
4.6439909297052155	445.11255
4.646893424036281	445.11255
4.649795918367347	445.11255
4.652698412698412	445.11255
4.655600907029478	445.11255
4.6585034013605435	447.69107
4.66140589569161	447.69107
4.664308390022676	447.69107
4.667210884353741	447.69107
4.670113378684807	447.69107
4.673015873015872	447.69107
4.675918367346939	447.69107
4.6788208616780045	447.69107
4.68172335600907	447.69107
4.684625850340136	447.69107
4.687528344671201	447.69107
4.690430839002267	447.69107
4.693333333333333	447.69107
4.696235827664399	447.69107
4.6991383219954646	447.69107
4.70204081632653	447.69107
4.704943310657596	447.69107
4.707845804988662	447.69107
4.710748299319728	447.69107
4.713650793650793	447.69107
4.716553287981859	447.69107
4.719455782312925	447.69107
4.72235827664399	447.69107
4.725260770975057	447.69107
4.728163265306122	447.69107
4.731065759637188	447.69107
4.7339682539682535	447.69107
4.736870748299319	447.69107
4.739773242630386	447.69107
4.742675736961451	447.69107
4.745578231292517	447.69107
4.748480725623582	447.69107
4.751383219954648	447.69107
4.754285714285714	447.69107
4.75718820861678	447.69107
4.760090702947846	447.69107
4.762993197278911	447.69107
4.765895691609977	447.69107
4.768798185941042	447.69107
4.771700680272109	447.69107
4.7746031746031745	447.69107
4.77750566893424	447.69107
4.780408163265306	447.69107
4.783310657596371	447.69107
4.786213151927437	447.69107
4.789115646258503	447.69107
4.792018140589569	447.69107
4.794920634920635	447.69107
4.7978231292517	447.69107
4.800725623582766	447.69107
4.803628117913832	447.69107
4.806530612244898	447.69107
4.8094331065759635	447.69107
4.812335600907029	447.69107
4.815238095238095	447.69107
4.81814058956916	447.69107
4.821043083900227	447.69107
4.823945578231292	447.69107
4.826848072562358	447.69107
4.8297505668934235	447.69107
4.832653061224489	447.69107
4.835555555555556	447.69107
4.838458049886621	447.69107
4.841360544217687	447.69107
4.844263038548752	447.69107
4.847165532879818	447.69107
4.8500680272108845	447.69107
4.85297052154195	447.69107
4.855873015873016	447.69107
4.858775510204081	447.69107
4.861678004535147	447.69107
4.8645804988662125	447.69107
4.867482993197279	447.69107
4.8703854875283445	447.69107
4.87328798185941	447.69107
4.876190476190476	447.69107
4.879092970521541	447.69107
4.881995464852608	447.69107
4.884897959183673	447.69107
4.887800453514739	447.69107
4.890702947845805	447.69107
4.89360544217687	447.69107
4.896507936507936	447.69107
4.899410430839002	447.69107
4.902312925170068	447.69107
4.9052154195011335	447.69107
4.908117913832199	447.69107
4.911020408163265	447.69107
4.913922902494331	447.69107
4.916825396825397	447.69107
4.919727891156462	447.69107
4.922630385487528	447.69107
4.925532879818594	447.69107
4.928435374149659	445.11255
4.931337868480726	445.11255
4.934240362811791	445.11255
4.937142857142857	445.11255
4.940045351473922	445.11255
4.942947845804988	445.11255
4.9458503401360545	447.69107
4.94875283446712	450.28452
4.951655328798186	450.28452
4.954557823129251	455.51657
4.957460317460317	458.15533
4.9603628117913825	463.47885
4.963265306122449	463.47885
4.966167800453515	466.16376
4.96907029478458	468.86423
4.971972789115646	468.86423
4.974875283446711	471.58032
4.977777777777778	471.58032
4.9806802721088435	471.58032
4.983582766439909	471.58032
4.986485260770975	471.58032
4.98938775510204	471.58032
4.992290249433106	471.58032
4.995192743764172	471.58032
4.998095238095238	471.58032
5.0009977324263035	471.58032
5.003900226757369	471.58032
5.006802721088435	471.58032
5.009705215419501	471.58032
5.012607709750567	471.58032
5.015510204081632	471.58032
5.018412698412698	471.58032
5.021315192743764	474.31216
5.024217687074829	474.31216
5.027120181405896	474.31216
5.030022675736961	474.31216
5.032925170068027	474.31216
5.0358276643990925	474.31216
5.038730158730158	474.31216
5.0416326530612245	474.31216
5.04453514739229	474.31216
5.047437641723356	474.31216
5.050340136054421	474.31216
5.053242630385487	474.31216
5.056145124716553	474.31216
5.059047619047619	474.31216
5.061950113378685	474.31216
5.06485260770975	474.31216
5.067755102040816	474.31216
5.070657596371881	474.31216
5.073560090702948	474.31216
5.0764625850340135	474.31216
5.079365079365079	474.31216
5.082267573696145	474.31216
5.08517006802721	474.31216
5.088072562358277	474.31216
5.090975056689342	474.31216
5.093877551020408	474.31216
5.0967800453514736	474.31216
5.099682539682539	474.31216
5.102585034013605	474.31216
5.105487528344671	474.31216
5.108390022675737	474.31216
5.111292517006802	474.31216
5.114195011337868	474.31216
5.117097505668934	474.31216
5.12	474.31216
5.122902494331066	474.31216
5.125804988662131	474.31216
5.128707482993197	474.31216
5.1316099773242625	474.31216
5.134512471655328	474.31216
5.137414965986395	474.31216
5.14031746031746	474.31216
5.143219954648526	474.31216
5.146122448979591	474.31216
5.149024943310657	474.31216
5.1519274376417235	474.31216
5.154829931972789	474.31216
5.157732426303855	474.31216
5.16063492063492	474.31216
5.163537414965986	474.31216
5.166439909297051	474.31216
5.169342403628118	474.31216
5.1722448979591835	474.31216
5.175147392290249	474.31216
5.178049886621315	474.31216
5.18095238095238	474.31216
5.183854875283447	474.31216
5.186757369614512	474.31216
5.189659863945578	474.31216
5.192562358276644	474.31216
5.195464852607709	474.31216
5.198367346938775	474.31216
5.201269841269841	474.31216
5.204172335600907	474.31216
5.2070748299319725	474.31216
5.209977324263038	474.31216
5.212879818594104	474.31216
5.21578231292517	474.31216
5.218684807256236	474.31216
5.221587301587301	474.31216
5.224489795918367	474.31216
5.2273922902494325	474.31216
5.230294784580498	474.31216
5.233197278911565	474.31216
5.23609977324263	474.31216
5.239002267573696	474.31216
5.241904761904761	474.31216
5.244807256235827	474.31216
5.2477097505668935	474.31216
5.250612244897959	474.31216
5.253514739229025	474.31216
5.25641723356009	474.31216
5.259319727891156	474.31216
5.262222222222222	474.31216
5.265124716553288	474.31216
5.2680272108843536	474.31216
5.270929705215419	474.31216
5.273832199546485	474.31216
5.27673469387755	474.31216
5.279637188208617	474.31216
5.282539682539682	474.31216
5.285442176870748	474.31216
5.288344671201814	474.31216
5.291247165532879	474.31216
5.294149659863946	474.31216
5.297052154195011	474.31216
5.299954648526077	474.31216
5.3028571428571425	474.31216
5.305759637188208	474.31216
5.308662131519274	474.31216
5.31156462585034	474.31216
5.314467120181406	474.31216
5.317369614512471	474.31216
5.320272108843537	474.31216
5.323174603174603	477.0598
5.326077097505669	477.0598
5.328979591836735	477.0598
5.3318820861678	477.0598
5.334784580498866	477.0598
5.337687074829931	477.0598
5.340589569160997	474.31216
5.3434920634920635	474.31216
5.346394557823129	474.31216
5.349297052154195	471.58032
5.35219954648526	471.58032
5.355102040816326	471.58032
5.358004535147392	474.31216
5.360907029478458	474.31216
5.363809523809524	474.31216
5.366712018140589	474.31216
5.369614512471655	471.58032
5.37251700680272	474.31216
5.375419501133787	471.58032
5.3783219954648525	474.31216
5.381224489795918	477.0598
5.384126984126984	477.0598
5.387029478458049	479.8234
5.389931972789116	482.603
5.392834467120181	485.39868
5.395736961451247	485.39868
5.3986394557823125	488.21057
5.401541950113378	491.03876
5.404444444444444	491.03876
5.40734693877551	491.03876
5.410249433106576	493.8833
5.413151927437641	496.74432
5.416054421768707	496.74432
5.418956916099773	496.74432
5.421859410430839	496.74432
5.424761904761905	496.74432
5.42766439909297	496.74432
5.430566893424036	499.62195
5.4334693877551015	499.62195
5.436371882086167	499.62195
5.4392743764172335	499.62195
5.442176870748299	499.62195
5.445079365079365	499.62195
5.44798185941043	499.62195
5.450884353741496	499.62195
5.453786848072562	499.62195
5.456689342403628	502.51624
5.459591836734694	502.51624
5.462494331065759	502.51624
5.465396825396825	502.51624
5.468299319727891	502.51624
5.471201814058957	502.51624
5.4741043083900225	502.51624
5.477006802721088	502.51624
5.479909297052154	502.51624
5.482811791383219	502.51624
5.485714285714286	502.51624
5.488616780045351	502.51624
5.491519274376417	502.51624
5.494421768707483	502.51624
5.497324263038548	502.51624
5.500226757369615	502.51624
5.50312925170068	502.51624
5.506031746031746	502.51624
5.508934240362811	502.51624
5.511836734693877	502.51624
5.514739229024943	502.51624
5.517641723356009	502.51624
5.520544217687075	502.51624
5.52344671201814	502.51624
5.526349206349206	502.51624
5.5292517006802715	502.51624
5.532154195011338	502.51624
5.535056689342404	502.51624
5.537959183673469	502.51624
5.540861678004535	502.51624
5.5437641723356	502.51624
5.546666666666666	502.51624
5.5495691609977325	502.51624
5.552471655328798	502.51624
5.555374149659864	502.51624
5.558276643990929	502.51624
5.561179138321995	502.51624
5.564081632653061	502.51624
5.566984126984127	502.51624
5.5698866213151925	502.51624
5.572789115646258	502.51624
5.575691609977324	502.51624
5.578594104308389	502.51624
5.581496598639456	502.51624
5.584399092970521	502.51624
5.587301587301587	502.51624
5.590204081632653	502.51624
5.593106575963718	502.51624
5.596009070294785	502.51624
5.59891156462585	502.51624
5.601814058956916	502.51624
5.6047165532879815	502.51624
5.607619047619047	502.51624
5.610521541950113	502.51624
5.613424036281179	502.51624
5.616326530612245	502.51624
5.61922902494331	502.51624
5.622131519274376	502.51624
5.6250340136054415	502.51624
5.627936507936508	502.51624
5.630839002267574	502.51624
5.633741496598639	502.51624
5.636643990929705	502.51624
5.63954648526077	502.51624
5.642448979591836	502.51624
5.6453514739229025	502.51624
5.648253968253968	502.51624
5.651156462585034	502.51624
5.654058956916099	502.51624
5.656961451247165	502.51624
5.659863945578231	502.51624
5.662766439909297	502.51624
5.6656689342403626	502.51624
5.668571428571428	502.51624
5.671473922902494	502.51624
5.67437641723356	502.51624
5.677278911564626	502.51624
5.680181405895691	502.51624
5.683083900226757	502.51624
5.685986394557823	502.51624
5.688888888888888	502.51624
5.691791383219955	502.51624
5.69469387755102	502.51624
5.697596371882086	502.51624
5.7004988662131515	502.51624
5.703401360544217	502.51624
5.706303854875284	502.51624
5.709206349206349	502.51624
5.712108843537415	502.51624
5.71501133786848	502.51624
5.717913832199546	502.51624
5.720816326530612	502.51624
5.723718820861678	502.51624
5.726621315192744	502.51624
5.729523809523809	502.51624
5.732426303854875	502.51624
5.73532879818594	502.51624
5.738231292517007	502.51624
5.7411337868480725	502.51624
5.744036281179138	502.51624
5.746938775510204	502.51624
5.749841269841269	502.51624
5.752743764172335	502.51624
5.755646258503401	505.42728
5.758548752834467	502.51624
5.761451247165533	505.42728
5.764353741496598	502.51624
5.767256235827664	505.42728
5.77015873015873	505.42728
5.773061224489796	505.42728
5.7759637188208615	505.42728
5.778866213151927	505.42728
5.781768707482993	505.42728
5.784671201814058	502.51624
5.787573696145125	502.51624
5.79047619047619	502.51624
5.793378684807256	499.62195
5.7962811791383215	502.51624
5.799183673469387	502.51624
5.802086167800454	499.62195
5.804988662131519	502.51624
5.807891156462585	502.51624
5.81079365079365	508.3552
5.813696145124716	511.30005
5.816598639455782	514.26196
5.819501133786848	517.2411
5.822403628117914	517.2411
5.825306122448979	520.2374
5.828208616780045	523.25116
5.8311111111111105	523.25116
5.834013605442177	526.2823
5.8369160997732425	526.2823
5.839818594104308	526.2823
5.842721088435374	526.2823
5.845623582766439	526.2823
5.848526077097505	526.2823
5.851428571428571	526.2823
5.854331065759637	529.331
5.857233560090703	529.331
5.860136054421768	529.331
5.863038548752834	529.331
5.8659410430839	529.331
5.868843537414966	529.331
5.8717460317460315	529.331
5.874648526077097	529.331
5.877551020408163	529.331
5.880453514739229	529.331
5.883356009070295	529.331
5.88625850340136	529.331
5.889160997732426	529.331
5.892063492063492	529.331
5.894965986394557	529.331
5.897868480725624	529.331
5.900770975056689	529.331
5.903673469387755	529.331
5.90657596371882	529.331
5.909478458049886	529.331
5.9123809523809525	529.331
5.915283446712018	529.331
5.918185941043084	529.331
5.921088435374149	-220
5.923990929705215	-220
5.9268934240362805	-220
5.929795918367347	-220
5.932698412698413	-220
5.935600907029478	-220
5.938503401360544	-220
5.941405895691609	-220
5.944308390022676	-220
5.9472108843537415	-220
5.950113378684807	-220
5.953015873015873	-220
5.955918367346938	-220
5.958820861678004	-220
5.96172335600907	-220
5.964625850340136	-220
5.9675283446712015	-220
5.970430839002267	-220
5.973333333333333	-220
5.976235827664399	-220
5.979138321995465	-220
5.98204081632653	-220
5.984943310657596	-220
5.987845804988662	-220
5.990748299319727	-220
5.993650793650794	-220
5.996553287981859	-220
5.999455782312925	-220
6.0023582766439905	-220
6.005260770975056	-220
6.0081632653061225	-220
6.011065759637188	-220
6.013968253968254	-220
6.016870748299319	-220
6.019773242630385	-220
6.0226757369614505	-220
6.025578231292517	-220
6.028480725623583	-220
6.031383219954648	-220
6.034285714285714	-220
6.037188208616779	-220
6.040090702947846	-220
6.0429931972789115	-220
6.045895691609977	-220
6.048798185941043	-220
6.051700680272108	-220
6.054603174603174	-220
6.05750566893424	-220
6.060408163265306	-220
6.0633106575963716	-220
6.066213151927437	-220
6.069115646258503	-220
6.072018140589569	-220
6.074920634920635	-220
6.0778231292517	-220
6.080725623582766	-220
6.083628117913832	-220
6.086530612244898	-220
6.089433106575964	-220
6.092335600907029	-220
6.095238095238095	-220
6.0981405895691605	-220
6.101043083900226	-220
6.103945578231293	-220
6.106848072562358	-220
6.109750566893424	-220
6.112653061224489	-220
6.115555555555555	-220
6.1184580498866215	-220
6.121360544217687	-220
6.124263038548753	-220
6.127165532879818	-220
6.130068027210884	-220
6.132970521541949	-220
6.135873015873016	-220
6.1387755102040815	-220
6.141678004535147	-220
6.144580498866213	-220
6.147482993197278	-220
6.150385487528345	-220
6.15328798185941	-220
6.156190476190476	-220
6.159092970521542	-220
6.161995464852607	-220
6.164897959183673	-220
6.167800453514739	-220
6.170702947845805	-220
6.1736054421768705	-220
6.176507936507936	-220
6.179410430839002	-220
6.182312925170068	-220
6.185215419501134	-220
6.188117913832199	-220
6.191020408163265	-220
6.1939229024943305	-220
6.196825396825396	-220
6.199727891156463	-220
6.202630385487528	-220
6.205532879818594	-220
6.208435374149659	-220
6.211337868480725	-220
6.2142403628117915	-220
6.217142857142857	-220
6.220045351473923	-220
6.222947845804988	-220
6.225850340136054	-220
6.2287528344671195	-220
6.231655328798186	-220
6.2345578231292516	-220
6.237460317460317	-220
6.240362811791383	-220
6.243265306122448	-220
6.246167800453515	-220
6.24907029478458	-220
6.251972789115646	-220
6.254875283446712	-220
6.257777777777777	-220
6.260680272108843	-220
6.263582766439909	-220
6.266485260770975	-220
6.2693877551020405	-220
6.272290249433106	-220
6.275192743764172	-220
6.278095238095238	-220
6.280997732426304	-220
6.283900226757369	-220
6.286802721088435	-220
6.289705215419501	-220
6.292607709750567	-220
6.295510204081633	-220
6.298412698412698	-220
6.301315192743764	-220
6.304217687074829	-220
6.307120181405895	-220
6.3100226757369615	-220
6.312925170068027	-220
6.315827664399093	-220
6.318730158730158	-220
6.321632653061224	-220
6.32453514739229	-220
6.327437641723356	-220
6.330340136054422	-220
6.333242630385487	-220
6.336145124716553	-220
6.339047619047618	-220
6.341950113378685	-220
6.3448526077097505	-220
6.347755102040816	-220
6.350657596371882	-220
6.353560090702947	-220
6.356462585034014	-220
6.359365079365079	-220
6.362267573696145	-220
6.3651700680272105	-220
6.368072562358276	-220
6.370975056689342	-220
6.373877551020408	-220
6.376780045351474	-220
6.379682539682539	-220
6.382585034013605	-220
6.385487528344671	-220
6.388390022675737	-220
6.391292517006803	-220
6.394195011337868	-220
6.397097505668934	-220
6.3999999999999995	-220
6.402902494331065	-220
6.4058049886621315	-220
6.408707482993197	-220
6.411609977324263	-220
6.414512471655328	-220
6.417414965986394	-220
6.42031746031746	-220
6.423219954648526	-220
6.426122448979592	-220
6.429024943310657	-220
6.431927437641723	-220
6.434829931972788	-220
6.437732426303855	-220
6.4406349206349205	-220
6.443537414965986	-220
6.446439909297052	-220
6.449342403628117	-220
6.452244897959184	-220
6.455147392290249	-220
6.458049886621315	-220
6.460952380952381	-220
6.463854875283446	-220
6.466757369614512	-220
6.469659863945578	-220
6.472562358276644	-220
6.475464852607709	-220
6.478367346938775	-220
6.481269841269841	-220
6.484172335600907	-220
6.487074829931973	-220
6.489977324263038	-220
6.492879818594104	-220
6.4957823129251695	-220
6.498684807256236	-220
6.501587301587302	-220
6.504489795918367	-220
6.507392290249433	-220
6.510294784580498	-220
6.513197278911564	-220
6.5160997732426305	-220
6.519002267573696	-220
6.521904761904762	-220
6.524807256235827	-220
6.527709750566893	-220
6.530612244897959	-220
6.533514739229025	-220
6.5364172335600905	-220
6.539319727891156	-220
6.542222222222222	-220
6.545124716553287	-220
6.548027210884354	-220
6.550929705215419	-220
6.553832199546485	-220
6.556734693877551	-220
6.559637188208616	-220
6.562539682539683	-220
6.565442176870748	-220
6.568344671201814	-220
6.5712471655328795	-220
6.574149659863945	-220
6.577052154195011	-220
6.579954648526077	-220
6.582857142857143	-220
6.585759637188208	-220
6.588662131519274	-220
6.5915646258503395	-220
6.594467120181406	-220
6.597369614512472	-220
6.600272108843537	-220
6.603174603174603	-220
6.606077097505668	-220
6.608979591836734	-220
6.6118820861678005	-220
6.614784580498866	-220
6.617687074829932	-220
6.620589569160997	-220
6.623492063492063	-220
6.626394557823129	-220
6.629297052154195	-220
6.6321995464852606	-220
6.635102040816326	-220
6.638004535147392	-220
6.640907029478457	-220
6.643809523809524	-220
6.646712018140589	-220
6.649614512471655	-220
6.652517006802721	-220
6.655419501133786	-220
6.658321995464853	-220
6.661224489795918	-220
6.664126984126984	-220
6.6670294784580495	-220
6.669931972789115	-220
6.672834467120181	-220
6.675736961451247	-220
6.678639455782313	-220
6.681541950113378	-220
6.684444444444444	-220
6.68734693877551	-220
6.690249433106576	-220
6.693151927437642	-220
6.696054421768707	-220
6.698956916099773	-220
6.701859410430838	-220
6.704761904761905	-220
6.7076643990929705	-220
6.710566893424036	-220
6.713469387755102	-220
6.716371882086167	-220
6.719274376417233	-220
6.722176870748299	-220
6.725079365079365	-220
6.727981859410431	-220
6.730884353741496	-220
6.733786848072562	-220
6.736689342403628	-220
6.739591836734694	-220
6.7424943310657595	-220
6.745396825396825	-220
6.748299319727891	-220
6.751201814058956	-220
6.754104308390023	-220
6.757006802721088	-220
6.759909297052154	-220
6.7628117913832195	-220
6.765714285714285	-220
6.768616780045352	-220
6.771519274376417	-220
6.774421768707483	-220
6.777324263038548	-220
6.780226757369614	-220
6.78312925170068	-220
6.786031746031746	-220
6.788934240362812	-220
6.791836734693877	-220
6.794739229024943	-220
6.7976417233560085	-220
6.800544217687075	-220
6.8034467120181406	-220
6.806349206349206	-220
6.809251700680272	-220
6.812154195011337	-220
6.815056689342403	-220
6.817959183673469	-220
6.820861678004535	-220
6.823764172335601	-220
6.826666666666666	-220
6.829569160997732	-220
6.832471655328798	-220
6.835374149659864	-220
6.8382766439909295	-220
6.841179138321995	-220
6.844081632653061	-220
6.846984126984126	-220
6.849886621315193	-220
6.852789115646258	-220
6.855691609977324	-220
6.85859410430839	-220
6.861496598639455	-220
6.864399092970522	-220
6.867301587301587	-220
6.870204081632653	-220
6.873106575963718	-220
6.876009070294784	-220
6.87891156462585	-220
6.881814058956916	-220
6.884716553287982	-220
6.887619047619047	-220
6.890521541950113	-220
6.8934240362811785	-220
6.896326530612245	-220
6.899229024943311	-220
6.902131519274376	-220
6.905034013605442	-220
6.907936507936507	-220
6.910839002267574	-220
6.9137414965986395	-220
6.916643990929705	-220
6.919546485260771	-220
6.922448979591836	-220
6.925351473922902	-220
6.928253968253968	-220
6.931156462585034	-220
6.9340589569160995	-220
6.936961451247165	-220
6.939863945578231	-220
6.942766439909297	-220
6.945668934240363	-220
6.948571428571428	-220
6.951473922902494	-220
6.95437641723356	-220
6.957278911564625	-220
6.960181405895692	-220
6.963083900226757	-220
6.965986394557823	-220
6.9688888888888885	-220
6.971791383219954	-220
6.9746938775510205	-220
6.977596371882086	-220
6.980498866213152	-220
6.983401360544217	-220
6.986303854875283	-220
6.9892063492063485	-220
6.992108843537415	-220
6.995011337868481	-220
6.997913832199546	-220
7.000816326530612	-220
7.003718820861677	-220
7.006621315192744	-220
7.0095238095238095	-220
7.012426303854875	-220
7.015328798185941	-220
7.018231292517006	-220
7.021133786848072	-220
7.024036281179138	-220
7.026938775510204	-220
7.02984126984127	-220
7.032743764172335	-220
7.035646258503401	-220
7.038548752834467	-220
7.041451247165533	-220
7.044353741496598	-220
7.047256235827664	-220
7.05015873015873	-220
7.053061224489795	-220
7.055963718820862	-220
7.058866213151927	-220
7.061768707482993	-220
7.0646712018140585	-220
7.067573696145124	-220
7.070476190476191	-220
7.073378684807256	-220
7.076281179138322	-220
7.079183673469387	-220
7.082086167800453	-220
7.084988662131519	-220
7.087891156462585	-220
7.090793650793651	-220
7.093696145124716	-220
7.096598639455782	-220
7.099501133786847	-220
7.102403628117914	-220
7.1053061224489795	-220
7.108208616780045	-220
7.111111111111111	-220
7.114013605442176	-220
7.116916099773243	-220
7.119818594104308	-220
7.122721088435374	-220
7.12562358276644	-220
7.128526077097505	-220
7.131428571428571	-220
7.134331065759637	-220
7.137233560090703	-220
7.1401360544217685	-220
7.143038548752834	-220
7.1459410430839	-220
7.148843537414966	-220
7.151746031746032	-220
7.154648526077097	-220
7.157551020408163	-220
7.1604535147392285	-220
7.163356009070294	-220
7.166258503401361	-220
7.169160997732426	-220
7.172063492063492	-220
7.174965986394557	-220
7.177868480725623	-220
7.1807709750566895	-220
7.183673469387755	-220
7.186575963718821	-220
7.189478458049886	-220
7.192380952380952	-220
7.1952834467120175	-220
7.198185941043084	-220
7.2010884353741496	-220
7.203990929705215	-220
7.206893424036281	-220
7.209795918367346	-220
7.212698412698413	-220
7.215600907029478	-220
7.218503401360544	-220
7.22140589569161	-220
7.224308390022675	-220
7.227210884353741	-220
7.230113378684807	-220
7.233015873015873	-220
7.2359183673469385	-220
7.238820861678004	-220
7.24172335600907	-220
7.244625850340136	-220
7.247528344671202	-220
7.250430839002267	-220
7.253333333333333	-220
7.256235827664399	-220
7.259138321995464	-220
7.262040816326531	-220
7.264943310657596	-220
7.267845804988662	-220
7.270748299319727	-220
7.273650793650793	-220
7.2765532879818595	-220
7.279455782312925	-220
7.282358276643991	-220
7.285260770975056	-220
7.288163265306122	-220
7.2910657596371875	-220
7.293968253968254	-220
7.29687074829932	-220
7.299773242630385	-220
7.302675736961451	-220
7.305578231292516	-220
7.308480725623583	-220
7.3113832199546485	-220
7.314285714285714	-220
7.31718820861678	-220
7.320090702947845	-220
7.322993197278912	-220
7.325895691609977	-220
7.328798185941043	-220
7.3317006802721085	-220
7.334603174603174	-220
7.33750566893424	-220
7.340408163265306	-220
7.343310657596372	-220
7.346213151927437	-220
7.349115646258503	-220
7.352018140589569	-220
7.354920634920635	-220
7.357823129251701	-220
7.360725623582766	-220
7.363628117913832	-220
7.3665306122448975	-220
7.369433106575963	-220
7.3723356009070296	-220
7.375238095238095	-220
7.378140589569161	-220
7.381043083900226	-220
7.383945578231292	-220
7.386848072562358	-220
7.389750566893424	-220
7.39265306122449	-220
7.395555555555555	-220
7.398458049886621	-220
7.401360544217686	-220
7.404263038548753	-220
7.4071655328798185	-220
7.410068027210884	-220
7.41297052154195	-220
7.415873015873015	-220
7.418775510204082	-220
7.421678004535147	-220
7.424580498866213	-220
7.427482993197279	-220
7.430385487528344	-220
7.43328798185941	-220
7.436190476190476	-220
7.439092970521542	-220
7.441995464852607	-220
7.444897959183673	-220
7.447800453514739	-220
7.450702947845805	-220
7.453605442176871	-220
7.456507936507936	-220
7.459410430839002	-220
7.4623129251700675	-220
7.465215419501133	-220
7.4681179138322	-220
7.471020408163265	-220
7.473922902494331	-220
7.476825396825396	-220
7.479727891156462	-220
7.4826303854875285	-220
7.485532879818594	-220
7.48843537414966	-220
7.491337868480725	-220
7.494240362811791	-220
7.497142857142856	-220
7.500045351473923	-220
7.5029478458049885	-220
7.505850340136054	-220
7.50875283446712	-220
7.511655328798185	-220
7.514557823129252	-220
7.517460317460317	-220
7.520362811791383	-220
7.523265306122449	-220
7.526167800453514	-220
7.529070294784581	-220
7.531972789115646	-220
7.534875283446712	-220
7.5377777777777775	-220
7.540680272108843	-220
7.543582766439909	-220
7.546485260770975	-220
7.549387755102041	-220
7.552290249433106	-220
7.555192743764172	-220
7.5580952380952375	-220
7.560997732426304	-220
7.56390022675737	-220
7.566802721088435	-220
7.569705215419501	-220
7.572607709750566	-220
7.575510204081632	-220
7.5784126984126985	-220
7.581315192743764	-220
7.58421768707483	-220
7.587120181405895	-220
7.590022675736961	-220
7.592925170068027	-220
7.595827664399093	-220
7.598730158730159	-220
7.601632653061224	-220
7.60453514739229	-220
7.607437641723355	-220
7.610340136054422	-220
7.613242630385487	-220
7.616145124716553	-220
7.619047619047619	-220
7.621950113378684	-220
7.624852607709751	-220
7.627755102040816	-220
7.630657596371882	-220
7.6335600907029475	-220
7.636462585034013	-220
7.639365079365079	-220
7.642267573696145	-220
7.645170068027211	-220
7.648072562358276	-220
7.650975056689342	-220
7.653877551020408	-220
7.656780045351474	-220
7.65968253968254	-220
7.662585034013605	-220
7.665487528344671	-220
7.668390022675736	-220
7.671292517006802	-220
7.6741950113378685	-220
7.677097505668934	-220
7.68	-220
7.682902494331065	-220
7.685804988662131	-220
7.688707482993197	-220
7.691609977324263	-220
7.694512471655329	-220
7.697414965986394	-220
7.70031746031746	-220
7.703219954648525	-220
7.706122448979592	-220
7.7090249433106575	-220
7.711927437641723	-220
7.714829931972789	-220
7.717732426303854	-220
7.720634920634921	-220
7.723537414965986	-220
7.726439909297052	-220
7.7293424036281175	-220
7.732244897959183	-220
7.73514739229025	-220
7.738049886621315	-220
7.740952380952381	-220
7.743854875283446	-220
7.746757369614512	-220
7.749659863945578	-220
7.752562358276644	-220
7.75546485260771	-220
7.758367346938775	-220
7.761269841269841	-220
7.7641723356009065	-220
7.767074829931973	-220
7.7699773242630386	-220
7.772879818594104	-220
7.77578231292517	-220
7.778684807256235	-220
7.781587301587301	-220
7.784489795918367	-220
7.787392290249433	-220
7.790294784580499	-220
7.793197278911564	-220
7.79609977324263	-220
7.799002267573696	-220
7.801904761904762	-220
7.8048072562358275	-220
7.807709750566893	-220
7.810612244897959	-220
7.813514739229024	-220
7.816417233560091	-220
7.819319727891156	-220
7.822222222222222	-220
7.825124716553288	-220
7.828027210884353	-220
7.83092970521542	-220
7.833832199546485	-220
7.836734693877551	-220
7.839637188208616	-220
7.842539682539682	-220
7.845442176870748	-220
7.848344671201814	-220
7.85124716553288	-220
7.854149659863945	-220
7.857052154195011	-220
7.8599546485260765	-220
7.862857142857143	-220
7.865759637188209	-220
7.868662131519274	-220
7.87156462585034	-220
7.874467120181405	-220
7.877369614512471	-220
7.8802721088435375	-220
7.883174603174603	-220
7.886077097505669	-220
7.888979591836734	-220
7.8918820861678	-220
7.894784580498866	-220
7.897687074829932	-220
7.9005895691609975	-220
7.903492063492063	-220
7.906394557823129	-220
7.909297052154194	-220
7.912199546485261	-220
7.915102040816326	-220
7.918004535147392	-220
7.920907029478458	-220
7.923809523809523	-220
7.92671201814059	-220
7.929614512471655	-220
7.932517006802721	-220
7.9354195011337865	-220
7.938321995464852	-220
7.9412244897959186	-220
7.944126984126984	-220
7.94702947845805	-220
7.949931972789115	-220
7.952834467120181	-220
7.9557369614512465	-220
7.958639455782313	-220
7.961541950113379	-220
7.964444444444444	-220
7.96734693877551	-220
7.970249433106575	-220
7.973151927437642	-220
7.9760544217687075	-220
7.978956916099773	-220
7.981859410430839	-220
7.984761904761904	-220
7.98766439909297	-220
7.990566893424036	-220
7.993469387755102	-220
7.996371882086168	-220
7.999274376417233	-220
8.002176870748299	-220
8.005079365079366	-220
8.007981859410432	-220
8.010884353741497	-220
8.013786848072563	-220
8.016689342403629	-220
8.019591836734694	-220
8.02249433106576	-220
8.025396825396825	-220
8.028299319727893	-220
8.031201814058958	-220
8.034104308390024	-220
8.03700680272109	-220
8.039909297052155	-220
8.04281179138322	-220
8.045714285714286	-220
8.048616780045352	-220
8.051519274376417	-220
8.054421768707483	-220
8.057324263038549	-220
8.060226757369616	-220
8.063129251700682	-220
8.066031746031747	-220
8.068934240362813	-220
8.071836734693878	-220
8.074739229024944	-220
8.07764172335601	-220
8.080544217687075	-220
8.08344671201814	-220
8.086349206349206	-220
8.089251700680272	-220
8.09215419501134	-220
8.095056689342405	-220
8.09795918367347	-220
8.100861678004536	-220
8.103764172335602	-220
8.106666666666667	-220
8.109569160997733	-220
8.112471655328799	-220
8.115374149659864	-220
8.11827664399093	-220
8.121179138321995	-220
8.124081632653063	-220
8.126984126984128	-220
8.129886621315194	-220
8.13278911564626	-220
8.135691609977325	-220
8.13859410430839	-220
8.141496598639456	-220
8.144399092970522	-220
8.147301587301587	-220
8.150204081632653	-220
8.153106575963719	-220
8.156009070294786	-220
8.158911564625852	-220
8.161814058956917	-220
8.164716553287983	-220
8.167619047619048	-220
8.170521541950114	-220
8.17342403628118	-220
8.176326530612245	-220
8.17922902494331	-220
8.182131519274376	-220
8.185034013605442	-220
8.18793650793651	-220
8.190839002267575	-220
8.19374149659864	-220
8.196643990929706	-220
8.199546485260772	-220
8.202448979591837	-220
8.205351473922903	-220
8.208253968253969	-220
8.211156462585034	-220
8.2140589569161	-220
8.216961451247165	-220
8.219863945578233	-220
8.222766439909298	-220
8.225668934240364	-220
8.22857142857143	-220
8.231473922902495	-220
8.23437641723356	-220
8.237278911564626	-220
8.240181405895692	-220
8.243083900226758	-220
8.245986394557823	-220
8.248888888888889	-220
8.251791383219956	-220
8.254693877551022	-220
8.257596371882087	-220
8.260498866213153	-220
8.263401360544218	-220
8.266303854875284	-220
8.26920634920635	-220
8.272108843537415	-220
8.27501133786848	-220
8.277913832199546	-220
8.280816326530612	-220
8.28371882086168	-220
8.286621315192745	-220
8.28952380952381	-220
8.292426303854876	-220
8.295328798185942	-220
8.298231292517007	-220
8.301133786848073	-220
8.304036281179139	-220
8.306938775510204	-220
8.30984126984127	-220
8.312743764172335	-220
8.315646258503403	-220
8.318548752834468	-220
8.321451247165534	-220
8.3243537414966	-220
8.327256235827665	-220
8.33015873015873	-220
8.333061224489796	-220
8.335963718820862	-220
8.338866213151928	-220
8.341768707482993	-220
8.344671201814059	-220
8.347573696145126	-220
8.350476190476192	-220
8.353378684807257	-220
8.356281179138323	-220
8.359183673469389	-220
8.362086167800454	-220
8.36498866213152	-220
8.367891156462585	-220
8.370793650793651	-220
8.373696145124716	-220
8.376598639455782	-220
8.37950113378685	-220
8.382403628117915	-220
8.38530612244898	-220
8.388208616780046	-220
8.391111111111112	-220
8.394013605442177	-220
8.396916099773243	-220
8.399818594104309	-220
8.402721088435374	-220
8.40562358276644	-220
8.408526077097505	-220
8.411428571428573	-220
8.414331065759638	-220
8.417233560090704	-220
8.42013605442177	-220
8.423038548752835	-220
8.4259410430839	-220
8.428843537414966	-220
8.431746031746032	-220
8.434648526077098	-220
8.437551020408163	-220
8.44045351473923	-220
8.443356009070296	-220
8.446258503401362	-220
8.449160997732427	-220
8.452063492063493	-220
8.454965986394559	-220
8.457868480725624	-220
8.46077097505669	-220
8.463673469387755	-220
8.466575963718821	-220
8.469478458049887	-220
8.472380952380954	-220
8.47528344671202	-220
8.478185941043085	-220
8.48108843537415	-220
8.483990929705216	-220
8.486893424036282	-220
8.489795918367347	-220
8.492698412698413	-220
8.495600907029479	-220
8.498503401360544	-220
8.50140589569161	-220
8.504308390022677	-220
8.507210884353743	-220
8.510113378684808	-220
8.513015873015874	-220
8.51591836734694	-220
8.518820861678005	-220
8.52172335600907	-220
8.524625850340136	-220
8.527528344671202	-220
8.530430839002268	-220
8.533333333333333	-220
8.5362358276644	-220
8.539138321995466	-220
8.542040816326532	-220
8.544943310657597	-220
8.547845804988663	-220
8.550748299319729	-220
8.553650793650794	-220
8.55655328798186	-220
8.559455782312925	-220
8.562358276643991	-220
8.565260770975057	-220
8.568163265306124	-220
8.57106575963719	-220
8.573968253968255	-220
8.57687074829932	-220
8.579773242630386	-220
8.582675736961452	-220
8.585578231292518	-220
8.588480725623583	-220
8.591383219954649	-220
8.594285714285714	-220
8.59718820861678	-220
8.600090702947847	-220
8.602993197278913	-220
8.605895691609978	-220
8.608798185941044	-220
8.61170068027211	-220
8.614603174603175	-220
8.61750566893424	-220
8.620408163265306	-220
8.623310657596372	-220
8.626213151927438	-220
8.629115646258503	-220
8.63201814058957	-220
8.634920634920636	-220
8.637823129251702	-220
8.640725623582767	-220
8.643628117913833	-220
8.646530612244899	-220
8.649433106575964	-220
8.65233560090703	-220
8.655238095238095	-220
8.658140589569161	-220
8.661043083900227	-220
8.663945578231294	-220
8.66684807256236	-220
8.669750566893425	-220
8.67265306122449	-220
8.675555555555556	-220
8.678458049886622	-220
8.681360544217688	-220
8.684263038548753	-220
8.687165532879819	-220
8.690068027210884	-220
8.69297052154195	-220
8.695873015873017	-220
8.698775510204083	-220
8.701678004535149	-220
8.704580498866214	-220
8.70748299319728	-220
8.710385487528345	-220
8.713287981859411	-220
8.716190476190476	-220
8.719092970521542	-220
8.721995464852608	-220
8.724897959183673	-220
8.72780045351474	-220
8.730702947845806	-220
8.733605442176872	-220
8.736507936507937	-220
8.739410430839003	-220
8.742312925170069	-220
8.745215419501134	-220
8.7481179138322	-220
8.751020408163265	-220
8.753922902494331	-220
8.756825396825397	-220
8.759727891156464	-220
8.76263038548753	-220
8.765532879818595	-220
8.76843537414966	-220
8.771337868480726	-220
8.774240362811792	-220
8.777142857142858	-220
8.780045351473923	-220
8.782947845804989	-220
8.785850340136054	-220
8.78875283446712	-220
8.791655328798187	-220
8.794557823129253	-220
8.797460317460319	-220
8.800362811791384	-220
8.80326530612245	-220
8.806167800453515	-220
8.809070294784581	-220
8.811972789115647	-220
8.814875283446712	-220
8.817777777777778	-220
8.820680272108843	-220
8.82358276643991	-220
8.826485260770976	-220
8.829387755102042	-220
8.832290249433107	-220
8.835192743764173	-220
8.838095238095239	-220
8.840997732426304	-220
8.84390022675737	-220
8.846802721088435	-220
8.849705215419501	-220
8.852607709750568	-220
8.855510204081634	-220
8.8584126984127	-220
8.861315192743765	-220
8.86421768707483	-220
8.867120181405896	-220
8.870022675736962	-220
8.872925170068028	-220
8.875827664399093	-220
8.878730158730159	-220
8.881632653061224	-220
8.884535147392292	-220
8.887437641723357	-220
8.890340136054423	-220
8.893242630385489	-220
8.896145124716554	-220
8.89904761904762	-220
8.901950113378685	-220
8.904852607709751	-220
8.907755102040817	-220
8.910657596371882	-220
8.913560090702948	-220
8.916462585034015	-220
8.91936507936508	-220
8.922267573696146	-220
8.925170068027212	-220
8.928072562358278	-220
8.930975056689343	-220
8.933877551020409	-220
8.936780045351474	-220
8.93968253968254	-220
8.942585034013605	-220
8.945487528344671	-220
8.948390022675738	-220
8.951292517006804	-220
8.95419501133787	-220
8.957097505668935	-220
8.96	-220
8.962902494331066	-220
8.965804988662132	-220
8.968707482993198	-220
8.971609977324263	-220
8.974512471655329	-220
8.977414965986394	-220
8.980317460317462	-220
8.983219954648527	-220
8.986122448979593	-220
8.989024943310659	-220
8.991927437641724	-220
8.99482993197279	-220
8.997732426303855	-220
9.000634920634921	-220
9.003537414965987	-220
9.006439909297052	-220
9.009342403628118	-220
9.012244897959185	-220
9.01514739229025	-220
9.018049886621316	-220
9.020952380952382	-220
9.023854875283448	-220
9.026757369614513	-220
9.029659863945579	-220
9.032562358276644	-220
9.03546485260771	-220
9.038367346938776	-220
9.041269841269841	-220
9.044172335600908	-220
9.047074829931974	-220
9.04997732426304	-220
9.052879818594105	-220
9.05578231292517	-220
9.058684807256236	-220
9.061587301587302	-220
9.064489795918368	-220
9.067392290249433	-220
9.070294784580499	-220
9.073197278911564	-220
9.076099773242632	-220
9.079002267573697	-220
9.081904761904763	-220
9.084807256235829	-220
9.087709750566894	-220
9.09061224489796	-220
9.093514739229025	-220
9.096417233560091	-220
9.099319727891157	-220
9.102222222222222	-220
9.105124716553288	-220
9.108027210884355	-220
9.11092970521542	-220
9.113832199546486	-220
9.116734693877552	-220
9.119637188208618	-220
9.122539682539683	-220
9.125442176870749	-220
9.128344671201814	-220
9.13124716553288	-220
9.134149659863946	-220
9.137052154195011	-220
9.139954648526079	-220
9.142857142857144	-220
9.14575963718821	-220
9.148662131519275	-220
9.151564625850341	-220
9.154467120181407	-220
9.157369614512472	-220
9.160272108843538	-220
9.163174603174603	-220
9.166077097505669	-220
9.168979591836734	-220
9.171882086167802	-220
9.174784580498867	-220
9.177687074829933	-220
9.180589569160999	-220
9.183492063492064	-220
9.18639455782313	-220
9.189297052154195	-220
9.192199546485261	-220
9.195102040816327	-220
9.198004535147392	-220
9.200907029478458	-220
9.203809523809525	-220
9.20671201814059	-220
9.209614512471656	-220
9.212517006802722	-220
9.215419501133788	-220
9.218321995464853	-220
9.221224489795919	-220
9.224126984126984	-220
9.22702947845805	-220
9.229931972789116	-220
9.232834467120181	-220
9.235736961451249	-220
9.238639455782314	-220
9.24154195011338	-220
9.244444444444445	-220
9.247346938775511	-220
9.250249433106577	-220
9.253151927437642	-220
9.256054421768708	-220
9.258956916099773	-220
9.261859410430839	-220
9.264761904761906	-220
9.267664399092972	-220
9.270566893424038	-220
9.273469387755103	-220
9.276371882086169	-220
9.279274376417234	-220
9.2821768707483	-220
9.285079365079365	-220
9.287981859410431	-220
9.290884353741497	-220
9.293786848072562	-220
9.29668934240363	-220
9.299591836734695	-220
9.30249433106576	-220
9.305396825396826	-220
9.308299319727892	-220
9.311201814058958	-220
9.314104308390023	-220
9.317006802721089	-220
9.319909297052154	-220
9.32281179138322	-220
9.325714285714286	-220
9.328616780045353	-220
9.331519274376419	-220
9.334421768707484	-220
9.33732426303855	-220
9.340226757369615	-220
9.343129251700681	-220
9.346031746031747	-220
9.348934240362812	-220
9.351836734693878	-220
9.354739229024943	-220
9.357641723356009	-220
9.360544217687076	-220
9.363446712018142	-220
9.366349206349208	-220
9.369251700680273	-220
9.372154195011339	-220
9.375056689342404	-220
9.37795918367347	-220
9.380861678004536	-220
9.383764172335601	-220
9.386666666666667	-220
9.389569160997732	-220
9.3924716553288	-220
9.395374149659865	-220
9.39827664399093	-220
9.401179138321996	-220
9.404081632653062	-220
9.406984126984128	-220
9.409886621315193	-220
9.412789115646259	-220
9.415691609977324	-220
9.41859410430839	-220
9.421496598639456	-220
9.424399092970523	-220
9.427301587301589	-220
9.430204081632654	-220
9.43310657596372	-220
9.436009070294785	-220
9.438911564625851	-220
9.441814058956917	-220
9.444716553287982	-220
9.447619047619048	-220
9.450521541950113	-220
9.453424036281179	-220
9.456326530612246	-220
9.459229024943312	-220
9.462131519274378	-220
9.465034013605443	-220
9.467936507936509	-220
9.470839002267574	-220
9.47374149659864	-220
9.476643990929706	-220
9.479546485260771	-220
9.482448979591837	-220
9.485351473922902	-220
9.48825396825397	-220
9.491156462585035	-220
9.494058956916101	-220
9.496961451247167	-220
9.499863945578232	-220
9.502766439909298	-220
9.505668934240363	-220
9.508571428571429	-220
9.511473922902494	-220
9.51437641723356	-220
9.517278911564626	-220
9.520181405895693	-220
9.523083900226759	-220
9.525986394557824	-220
9.52888888888889	-220
9.531791383219955	-220
9.534693877551021	-220
9.537596371882087	-220
9.540498866213152	-220
9.543401360544218	-220
9.546303854875283	-220
9.549206349206349	-220
9.552108843537416	-220
9.555011337868482	-220
9.557913832199548	-220
9.560816326530613	-220
9.563718820861679	-220
9.566621315192744	-220
9.56952380952381	-220
9.572426303854876	-220
9.575328798185941	-220
9.578231292517007	-220
9.581133786848072	-220
9.58403628117914	-220
9.586938775510205	-220
9.589841269841271	-220
9.592743764172337	-220
9.595646258503402	-220
9.598548752834468	-220
9.601451247165533	-220
9.604353741496599	-220
9.607256235827665	-220
9.61015873015873	-220
9.613061224489796	-220
9.615963718820863	-220
9.618866213151929	-220
9.621768707482994	-220
9.62467120181406	-220
9.627573696145125	-220
9.630476190476191	-220
9.633378684807257	-220
9.636281179138322	-220
9.639183673469388	-220
9.642086167800453	-220
9.644988662131519	-220
9.647891156462586	-220
9.650793650793652	-220
9.653696145124718	-220
9.656598639455783	-220
9.659501133786849	-220
9.662403628117914	-220
9.66530612244898	-220
9.668208616780046	-220
9.671111111111111	-220
9.674013605442177	-220
9.676916099773244	-220
9.67981859410431	-220
9.682721088435375	-220
9.685623582766441	-220
9.688526077097507	-220
9.691428571428572	-220
9.694331065759638	-220
9.697233560090703	-220
9.700136054421769	-220
9.703038548752835	-220
9.7059410430839	-220
9.708843537414968	-220
9.711746031746033	-220
9.714648526077099	-220
9.717551020408164	-220
9.72045351473923	-220
9.723356009070296	-220
9.726258503401361	-220
9.729160997732427	-220
9.732063492063492	-220
9.734965986394558	-220
9.737868480725623	-220
9.74077097505669	-220
9.743673469387756	-220
9.746575963718822	-220
9.749478458049888	-220
9.752380952380953	-220
9.755283446712019	-220
9.758185941043084	-220
9.76108843537415	-220
9.763990929705216	-220
9.766893424036281	-220
9.769795918367347	-220
9.772698412698414	-220
9.77560090702948	-220
9.778503401360545	-220
9.781405895691611	-220
9.784308390022677	-220
9.787210884353742	-220
9.790113378684808	-220
9.793015873015873	-220
9.795918367346939	-220
9.798820861678005	-220
9.80172335600907	-220
9.804625850340138	-220
9.807528344671203	-220
9.810430839002269	-220
9.813333333333334	-220
9.8162358276644	-220
9.819138321995466	-220
9.822040816326531	-220
9.824943310657597	-220
9.827845804988662	-220
9.830748299319728	-220
9.833650793650794	-220
9.836553287981861	-220
9.839455782312927	-220
9.842358276643992	-220
9.845260770975058	-220
9.848163265306123	-220
9.851065759637189	-220
9.853968253968254	-220
9.85687074829932	-220
9.859773242630386	-220
9.862675736961451	-220
9.865578231292517	-220
9.868480725623584	-220
9.87138321995465	-220
9.874285714285715	-220
9.877188208616781	-220
9.880090702947847	-220
9.882993197278912	-220
9.885895691609978	-220
9.888798185941043	-220
9.891700680272109	-220
9.894603174603175	-220
9.89750566893424	-220
9.900408163265308	-220
9.903310657596373	-220
9.906213151927439	-220
9.909115646258504	-220
9.91201814058957	-220
9.914920634920636	-220
9.917823129251701	-220
9.920725623582767	-220
9.923628117913832	-220
9.926530612244898	-220
9.929433106575964	-220
9.932335600907031	-220
9.935238095238097	-220
9.938140589569162	-220
9.941043083900228	-220
9.943945578231293	-220
9.946848072562359	-220
9.949750566893425	-220
9.95265306122449	-220
9.955555555555556	-220
9.958458049886621	-220
9.961360544217687	-220
9.964263038548754	-220
9.96716553287982	-220
9.970068027210885	-220
9.972970521541951	-220
9.975873015873017	-220
9.978775510204082	-220
9.981678004535148	-220
9.984580498866213	-220
9.987482993197279	-220
9.990385487528345	-220
9.99328798185941	-220
9.996190476190478	-220
9.999092970521543	-220
10.001995464852609	-220
10.004897959183674	-220
